3891
4928
4906
4674
4605
4577
3392
3486
4270
3817
3541
3646
4161
3953
4512
3407
4947
3002
2812
4764
3972
3282
2536
4846
4623
4302
3973
4194
3020
3619
4707
4499
3710
2877
3877
3247
4226
4650
4388
2739
4527
3796
4987
4356
3311
3241
4490
2892
3702
3897
2961
4834
4468
2929
3136
3862
4312
4062
4472
3190
2666
4247
3493
4350
4049
4639
4889
2552
3706
3714
3505
2788
4273
3345
3572
4353
4607
4466
3622
3094
2857
3232
2967
3959
3855
4045
3793
4784
3970
3766
3856
4006
4759
3820
2840
4719
4217
4023
2547
4409
3429
3689
2671
4028
2620
3322
4925
2584
4990
4250
4667
3347
2667
4271
4588
2733
4863
3577
4189
4792
4113
3963
4803
2540
3075
3725
4294
2985
3222
3482
4783
4033
3300
3050
4432
2591
4713
3058
4367
4843
4181
3960
3775
3625
3518
2796
3179
3700
2833
3908
2956
4536
4081
3732
3066
4231
2888
4506
3916
3885
2941
2644
3297
4476
4491
2934
4914
4383
3043
3464
3958
3652
3722
2589
3365
4359
3164
2823
2824
3402
3949
4749
2912
2882
2931
2577
4433
2986
4564
4754
4050
3947
2862
3288
3565
3064
3854
3888
3804
2777
4195
3373
2578
3230
4681
2895
4781
2887
2865
3547
2747
3678
4608
3618
4014
2809
2850
4176
3046
4874
4146
3595
4149
3812
2982
4833
3010
2537
2947
3175
2662
2522
3153
3285
4821
3503
3163
4147
3821
2521
2559
4538
4600
3369
3227
2534
2901
3343
4789
4993
4060
3606
3148
4371
2582
4589
3549
3649
3810
3414
2930
4828
2721
2687
3620
3823
3657
3159
2834
3526
3834
2606
4034
4817
3605
2762
4762
3430
3207
3691
2815
3438
3328
3513
3580
3318
4769
4329
4683
4808
3340
3673
4030
4457
4355
2742
4702
3755
4304
3221
2604
4652
4305
2588
4647
3204
4020
4103
3305
3000
4508
4025
4523
2542
3197
2643
4423
2911
3786
4442
4416
4851
2804
2854
4482
3073
2786
3511
3302
2893
3364
3150
4128
4584
4816
4988
4481
3229
3753
2933
4188
2964
4849
4882
3878
3694
4761
4503
4040
4151
2648
2724
2827
3298
3522
3440
3416
4365
2973
4136
4430
4733
3799
3160
2772
4191
2631
4345
3276
2764
2852
4693
3193
4570
2618
3021
4396
3952
3935
2550
3863
2808
3473
4283
3668
4120
4094
2766
2780
2879
3355
2735
2563
3228
4873
3368
3803
3742
3432
3470
4328
3578
3030
2736
2746
3401
3902
2770
4380
3872
3531
2525
3956
2698
4991
4847
4044
4110
3570
2663
4115
2957
3938
4248
3314
2859
4609
3121
4661
2690
3993
3110
3248
3487
3892
2803
3154
4339
3554
4186
2527
3824
2825
3170
2779
2715
3806
3802
4441
2910
2975
4046
4249
4723
2953
2960
3027
3478
2792
4994
3981
4632
4646
4999
3420
3119
2944
3485
4342
4566
3816
4134
4989
2561
4413
4143
4017
4032
3564
4172
2518
3701
2743
2853
3161
4869
2984
4042
2819
3037
3857
3181
3998
3085
4419
2675
4341
4893
3465
4227
3765
3544
3599
4582
3736
4645
3747
3988
4606
4190
3670
2581
4102
4766
4130
4728
2599
3011
3122
3109
3769
3538
4376
2508
3236
3815
2814
4726
3850
2938
3843
3889
4485
3433
3124
3038
3593
4306
4449
4688
4842
3784
3989
4951
3662
4068
3501
3278
2711
4051
4653
3459
4700
4918
4864
4212
4820
4488
4611
3520
2875
3745
3076
4029
4992
4193
4619
3839
3656
4168
3393
2509
3716
2926
4662
4520
4182
2566
2545
3978
3979
4890
3036
4631
3108
4952
4643
4313
4791
2828
4229
4672
3893
4601
2820
4603
3661
4335
4724
4716
3788
2556
4841
3360
4919
3836
3764
3561
2917
3719
4596
3262
2838
4571
3901
2699
4831
4378
4281
3858
3061
3059
4515
4243
4111
4535
2977
4290
2572
3801
4336
4664
2725
3404
2994
3410
2900
4705
2760
3330
4760
4478
4921
4500
3951
3948
3636
3056
2639
3067
3382
4651
3512
3865
3737
3495
2972
3281
4287
3552
4569
3921
2601
3332
3507
3750
3210
3517
4282
4892
4387
3909
2817
3890
2799
4125
3441
2517
4879
4079
2694
4166
4985
2597
3553
3217
4301
3370
2609
4096
3987
2894
3637
4966
4870
4568
3264
2883
4544
3100
4545
2849
4435
4543
4745
2580
4177
3966
4436
3449
2756
4152
4541
4299
3740
4790
4368
3976
3941
4977
2619
3685
4896
4898
4497
3928
3699
3664
4075
4140
4411
4204
4209
3837
3419
4438
3645
3434
4636
3249
2633
4088
4586
4969
3621
4443
4887
4743
4035
3142
4214
3111
3065
4236
2660
4960
4024
3385
4065
2607
3677
4363
3780
4285
2924
4748
4122
4815
2952
2506
3880
2653
2919
3005
4159
4167
2649
4415
3911
3500
3171
4112
3791
3448
3581
2650
3242
2551
3494
2818
2902
4810
4085
4680
3586
3140
3167
3462
4923
4751
3930
2842
4866
3650
4755
4836
4823
3019
4456
3177
2851
3468
2886
4629
4768
3643
3238
4861
3053
2778
3957
2991
3785
3961
4765
2942
3826
3525
3018
2781
2807
4973
3845
2611
3543
2995
3044
2605
3292
3246
2608
4530
4953
3240
4635
2798
2734
4347
4659
4501
4315
2729
3387
3405
4427
3965
3312
4695
4366
3660
4007
4309
3390
2731
2541
4196
4090
2602
3688
2691
4327
2752
4711
3107
4934
3025
4002
2549
3926
3542
3782
4473
3614
3374
2696
3502
3707
2557
4184
3055
4150
4753
2553
2573
3178
2562
3756
3115
4881
4292
2638
3456
2913
4936
3596
2950
3335
3415
3626
3417
4437
3088
4084
4540
2832
3680
4381
4408
3545
2791
4562
4720
3323
3155
3245
4509
3169
3800
3286
3338
4057
3453
3028
4963
2868
4595
3920
4087
4019
3366
4235
2831
4547
4487
3589
4793
3048
3353
3144
4434
2915
3379
3367
3203
4397
3832
3346
3378
4224
4559
3654
4885
4590
2816
3189
4431
3157
3093
2564
4706
2502
4859
4946
4210
3945
2968
3354
3275
3182
4011
4173
3844
3225
4795
4916
2904
4746
2657
3257
4518
2583
3869
3097
3797
3426
2727
3131
2627
4699
3226
2510
4001
3831
4398
2596
4594
3081
3074
2679
4137
3139
4796
2836
4352
3995
4939
4912
3631
4183
4907
3233
3188
2641
3351
4534
4071
3447
4533
4850
3391
3590
4439
3192
3308
3191
4620
4104
3609
2575
3798
3256
3612
3476
4262
3070
4848
2920
4265
3412
2885
3082
2872
3209
3698
4063
4373
4093
3333
2753
2754
3166
2535
4829
3946
3078
4679
4445
2771
3783
4959
3528
2612
4763
3250
3563
3219
3101
2783
4338
3576
4121
3118
4418
3759
3255
4962
2751
3395
4080
3352
4521
2896
3386
3498
3927
4254
3083
2548
4232
4105
2669
3403
4358
2955
4498
4972
3316
4708
4767
3466
3533
2673
4086
4298
4464
3996
4386
4933
4940
3751
4203
3667
4805
4444
4970
4364
4904
4066
3320
3273
2647
4145
4830
2651
4717
2837
3713
3413
4402
2624
2937
4682
3439
2570
4308
2980
3984
3117
3922
2625
4630
3663
4036
2763
4303
4801
4777
2848
4824
2558
2993
2898
2755
2790
4399
4467
4809
2997
2622
4393
4316
3077
3560
4516
2954
2636
3644
3295
4560
3771
3873
3569
4888
3604
4517
3428
3313
2965
2990
4957
3443
2983
3200
2802
4139
2813
4658
3114
4714
2858
4567
3748
4412
3205
4349
4070
3336
2878
4572
4867
3325
4047
3329
4676
4797
4171
4678
4862
2505
3051
4486
3271
3156
2841
4525
3299
4722
3334
2801
4772
3283
3598
4469
4451
2719
3130
2646
2757
3529
4361
4479
4822
4154
4736
4573
3301
4083
3244
3536
4475
2869
3955
3683
3137
3012
4266
2702
2714
3705
2685
3695
4268
4000
4004
3362
4131
4234
3744
3761
4845
4211
4372
2595
2686
4710
3679
3266
3496
3814
2529
4242
3830
3697
3666
3539
4496
4218
4794
3648
3423
2700
2774
2787
3421
3532
4782
3969
2776
4507
4549
3183
4911
3712
3303
3860
3917
2738
4078
3841
4612
4690
4346
3733
2767
4613
4206
3734
3344
2526
2688
4827
4932
2958
4337
2656
4207
3195
4665
3071
4628
4116
2664
3779
4585
4277
4267
4343
4627
3279
3180
2587
4798
2806
2936
4403
3202
3474
3639
3086
3184
4687
3781
3557
3847
2908
2940
3092
4223
2701
3964
2773
4551
4548
4715
3052
3647
2533
2789
4899
2899
4752
3375
3931
3752
3829
3317
2970
2538
4463
4995
4199
4981
4575
2855
2652
4924
3591
4770
3218
4604
2745
2811
4644
4563
3567
4310
4238
4502
4005
2532
4480
4417
2703
4314
2501
3790
4725
3397
4556
3883
4460
4901
4074
3717
4278
3072
4109
3692
4461
3054
2959
3633
2728
3672
3866
4621
4037
2847
4225
3848
3057
2916
2906
2645
4240
4747
4200
4331
4264
3887
4192
4340
4648
3104
3384
3234
3483
3962
3132
4448
4780
3060
4599
3789
4818
3435
3555
4524
2674
3239
2748
3842
4390
3458
4555
4160
3309
4055
3113
4514
2716
3128
4260
3087
3575
4474
2866
2670
3007
4983
3033
4174
3411
4935
3568
3431
2504
2870
2903
3039
3504
3062
4220
2654
3116
4855
2948
4357
4010
3214
4979
4757
4495
2988
4274
3006
2732
2740
3641
4095
2726
2678
3822
3675
4656
3594
4696
3768
2511
4729
4980
3112
3881
3015
3749
2555
4931
4320
4574
4641
2923
3914
3388
2717
3811
4926
4858
3135
2945
4539
3669
4179
4069
3270
2672
3983
3168
4064
3359
4379
4041
2568
2822
3251
4446
4325
2962
4425
2978
3693
3642
4169
3684
4902
4617
2598
3629
4117
2682
4133
3617
3047
4251
3492
3726
4712
3571
3099
4814
3882
2531
4961
4532
3912
4323
2693
2744
3601
3454
3145
4424
4876
3616
3686
4421
4061
2864
3348
2897
3906
3584
3237
3173
4853
4052
4542
3216
3472
4180
4178
4872
3079
2623
4076
2856
2610
3968
4698
4318
4016
3943
4886
4291
4477
4944
3754
2876
2592
3936
2513
3638
4937
2949
3269
3488
4668
4835
2829
4738
2922
4132
3846
4015
3828
3762
3103
2765
4369
3162
4554
3211
2586
4788
3125
3579
2659
2677
3562
4779
4300
4739
3659
4910
3381
3442
4255
3013
3980
4450
4406
4773
3603
3289
2565
3940
4735
4258
4374
2793
3546
3735
2546
3129
3704
4241
3550
4905
3879
2543
4384
4453
3481
4324
3304
3045
3165
4561
3610
4900
4422
3514
4637
4894
2590
3294
2707
4022
4553
2554
3720
4187
4213
3126
2759
3023
3461
3585
3519
3014
3896
4465
4284
4492
4157
3004
4602
2632
3760
3396
3537
4785
3231
3640
3982
3427
3655
2516
3515
4701
4101
4844
2621
3777
4997
2704
4513
2846
3408
3853
3331
2881
2514
3977
3134
3992
4426
2585
3757
4546
4092
4689
4741
4155
3602
2761
4986
4135
3258
4742
4657
3818
4622
4197
3521
3016
2692
2891
4860
3455
4118
2730
4971
4624
4257
4614
4259
3032
4013
3029
4737
4978
4956
4565
4031
3851
4756
4920
3342
3460
3658
4091
2918
3778
3884
4100
3703
3651
3290
4108
3080
3613
2784
4219
4348
4208
2996
4528
2697
4610
4592
3729
2635
3535
4483
4391
4802
3425
3583
4922
4616
4098
3728
2519
2628
2907
3339
4039
3792
2750
4458
4504
3994
2999
2932
3471
4927
2758
4244
4958
3607
4297
3174
4955
4119
4205
4237
3805
4228
2874
3198
2909
4675
2971
4878
3376
3608
2925
3398
4286
4114
4812
3272
4233
3763
2520
3024
3399
4245
2681
4857
3997
2861
4295
2569
4038
2676
4974
4691
3999
3141
2640
4778
3467
3358
4813
4158
4452
3356
2574
3306
4221
4642
2567
4871
2805
3437
4819
3827
3315
4185
3852
3534
3939
2723
3556
4470
3813
2782
3499
3445
3196
3859
3767
3106
3361
3915
2708
3026
3380
4583
3819
2524
4043
3628
4334
4825
2630
4404
3418
2860
4156
4774
3808
3307
3809
2579
4883
4529
4455
3540
3907
4625
3592
4666
4276
2871
2768
3739
4558
3900
2749
4840
4400
2594
4578
4246
4771
3611
3041
4382
3089
4877
3635
4744
3151
3730
3709
3630
4811
4107
4837
4598
4615
4454
3310
2800
3049
3254
4891
2722
3479
3138
3446
3017
2795
4202
3259
2981
4913
2998
4537
4073
4263
3267
3942
4058
4370
4552
4252
3559
4198
4505
3867
2593
4360
3186
2705
3034
4163
2921
4557
2637
3252
3870
4351
3296
2889
3409
3158
4917
3497
3773
4950
4048
4895
4721
3213
3954
3849
4407
3746
4222
4799
4649
2845
4731
3201
4394
3422
3950
4054
3394
4929
3152
4272
4684
2826
2658
3069
3825
4164
4003
4510
2863
4522
4429
4165
3212
4059
4027
4686
2665
4392
3105
4420
3253
3934
4875
3510
3776
4930
3280
2844
3868
4579
4405
4807
4945
3971
4670
4129
4021
3068
4447
3871
3450
2797
2775
4330
4261
2741
4124
3363
2709
3319
4293
4144
4322
3903
3031
2684
4077
3424
2839
3523
4597
3795
3974
4591
4806
3838
3676
2976
4326
3895
4385
3986
3506
3123
3357
3484
2718
3475
2737
3509
4462
2661
3291
2943
3261
4633
4099
4321
4965
3341
2615
4587
2720
4256
3349
3671
3574
4471
3524
4106
3929
2507
2576
4494
2867
4148
4673
4865
3623
4162
3724
2680
4519
2821
4948
4730
3944
4097
3321
3774
3696
4008
4880
2500
4332
3738
2928
3149
2974
3326
3597
2710
3653
3772
2503
4758
2626
3098
3634
4593
3377
3894
3690
3991
3681
4138
3558
3899
4704
3835
2614
3794
4787
3874
4903
3551
4377
3530
3516
3383
4375
3406
2616
4655
3913
4626
3925
4275
3937
3284
4984
3624
2992
4009
2528
3042
3274
3172
4669
4126
3904
4685
4401
2695
4976
4580
4718
2706
4671
3350
4943
2963
2946
3632
4253
3489
3260
4638
4884
3235
2835
2523
4727
3063
4123
4734
3194
4750
3967
2969
3287
4942
4153
4012
3711
3185
3337
3665
4175
3932
2939
2560
2634
3001
2884
4269
3990
3009
4654
3491
2905
3787
4459
3265
2689
2935
2873
3451
4839
4170
4775
4692
3220
3215
3452
3133
3187
4826
2979
3876
3223
4996
4949
3727
4428
2966
3477
4333
4677
4142
4280
4954
3615
4838
3127
3371
2539
4856
3758
4311
3208
4776
3463
3022
4804
4703
4056
3807
3840
4072
2769
3327
4968
3008
4493
3975
4531
3084
2642
4909
4852
3143
3919
4395
3741
3548
3490
2713
3436
4067
4319
4897
4239
4216
4389
2544
3833
3243
3723
4307
3687
4732
3095
2512
4484
4908
4018
2951
4938
2600
3120
4288
3263
4230
3091
2987
2712
3372
3090
4694
3277
3324
4440
3898
2989
3743
4410
3627
3199
4279
4215
3389
2613
4296
2655
3731
4998
4832
3268
2890
3400
2927
3682
4317
4640
4511
4663
3040
3224
4854
3508
4581
3905
2668
3910
2629
4915
4201
4786
2603
3923
3444
3480
3527
3674
3875
3146
4941
3600
2617
3721
4289
2571
4982
3770
4089
3933
3588
3035
3206
2830
3176
3886
3918
2785
3003
3985
3102
4618
4975
3096
3566
4800
3587
4053
4026
4127
2530
3715
4489
3457
4576
2914
2515
2794
4697
4362
4141
3293
4414
2880
4082
3147
4526
4550
3718
3861
3708
4709
4344
4868
4634
3469
4964
3573
4740
2810
4660
3582
4967
2843
3924
2683
3864
4354
3784
2763
2907
2910
3384
2944
3368
4597
3544
2625
3759
2722
3097
4537
3857
3998
3984
2584
3442
4890
4512
3886
3195
3843
4561
4533
4124
2595
2701
2512
4421
4237
4067
4228
2547
2721
4321
3447
3866
3113
3919
2860
4168
4448
3537
4811
3852
4678
4282
3630
2588
3390
3257
4050
4342
3525
3821
4656
3923
3322
4963
3623
3589
4803
4522
2771
3732
2683
3766
3436
4766
4724
3206
4623
2692
4189
3971
3667
2866
2737
2956
2980
3305
3281
4074
3280
3975
4705
3196
3219
2895
3503
4936
4490
4333
3362
2678
3723
3981
3699
3761
3004
3350
3891
3799
4163
2575
3249
4270
4751
3832
3190
2935
4528
3566
4367
2904
3755
4661
3427
4774
2509
4809
2865
2888
3520
4453
4229
4103
4516
4266
4386
3616
3959
4021
4719
3538
4388
3417
4097
3617
4868
4052
2869
3508
2552
4907
4665
2554
3448
3395
3135
4032
2881
4989
2697
3961
3063
3235
4220
4136
3833
3037
3664
4099
3278
4205
2731
4456
2970
3349
3107
4777
3420
2515
4061
4806
2752
2785
4336
2657
3653
2849
3735
3949
3834
3514
2702
3220
3347
4146
4859
3604
4178
4392
4836
2715
2660
4209
4234
4296
2635
4804
3913
4254
2732
3315
4636
2663
2745
2812
2544
4362
3782
3585
4646
4550
3743
3320
2962
4143
3392
3484
4565
2713
3499
4108
4534
4994
3539
4794
4752
4238
2933
2628
3093
4072
2736
4932
3333
4750
3938
3277
2879
2594
3140
3824
3742
3965
3729
3665
3730
4241
4478
4871
4653
4002
3341
3071
3104
4278
4988
3128
4379
3968
3294
4236
3934
2892
3050
2626
2590
4666
3775
4280
3682
4578
4089
4784
4680
3329
3002
4441
2706
4429
4865
3200
4862
3987
4000
2705
3636
3198
4816
3406
2673
4034
3118
4957
2922
4850
2627
4401
4713
3143
4694
4346
3476
2797
2845
3194
2748
3013
3595
4056
2930
4081
4082
4945
3077
2538
3243
3577
4425
3372
4172
2986
3088
3618
2640
4273
4414
4352
2613
4880
4905
3441
3649
4166
4095
4687
4950
4684
4940
3439
4743
3053
4272
4983
4758
3877
3308
3548
3955
3409
3545
3017
4310
4003
3318
4793
4492
3307
3842
3932
4184
3244
4647
4866
4577
3182
3680
4742
4036
4765
4349
4567
3753
3925
3777
4846
2687
3752
2728
2526
3868
4554
3043
4874
3935
3207
2758
4271
3901
4118
4863
3045
3229
3473
3451
4828
4992
4344
3903
3797
4749
4628
3726
2816
4574
4281
3316
4619
3645
2855
4668
2527
4134
3147
2694
4790
3014
2649
3511
3812
4132
3957
2569
3157
2633
3542
4157
2862
3750
4633
4631
4426
3605
3217
4410
2514
4110
3607
2802
3231
3455
2726
4934
3572
4250
4434
3264
3850
3768
4318
3413
4780
4599
4121
3944
2720
4022
4356
3287
4770
4729
4100
2522
3496
4484
3325
4070
2682
2709
2834
3756
3724
3570
4497
3517
2946
3533
4363
4634
4856
3972
4812
3297
3865
4650
2742
2957
3770
3275
3612
4249
3378
4131
4900
3482
4943
2903
4332
3141
3836
3145
4274
3640
4169
4399
4754
4744
3440
3171
2712
4696
4247
3201
3851
2592
3716
2638
4283
4372
4615
4076
4083
4084
3354
3684
3827
4005
3530
4469
3943
4726
2945
3683
2695
4316
3253
3946
4986
3906
3342
4916
3197
3964
3602
4722
4427
4048
4122
4347
4325
4269
4760
4068
3991
3584
2927
4366
3628
4375
4847
4242
2817
3713
3956
4584
4861
4338
3018
3379
4179
3518
3080
3302
3223
3758
3095
2676
3958
4199
4954
3011
3134
3078
4381
3070
4576
3020
4180
4113
4265
4436
3477
3450
2543
3727
2553
4663
3970
3023
3133
3660
4302
3398
3031
3823
2618
4520
4340
3882
3006
3346
4995
3890
2650
4716
4781
3983
3887
4645
4854
3592
2950
4842
3567
4330
3261
2960
3332
2608
3950
3262
2873
3818
3875
4137
3662
3791
2773
2747
4648
4557
3154
3216
2983
3383
4763
3565
3571
4203
4947
3576
4771
4977
2974
4496
4891
2896
4637
4979
3820
2837
3311
4702
3415
4054
2652
3692
4778
4420
4643
4529
3323
4268
4769
3301
3108
3524
4978
4390
4553
2749
4285
4225
4060
2593
4884
3239
4761
3632
4262
3411
4858
3626
4592
4354
3710
4712
4350
4319
3694
2609
3648
4838
3245
2688
2580
4511
2777
4767
3835
3951
2977
3573
4745
4018
3358
4013
3283
3591
3654
3366
2893
3433
3008
4972
4144
3310
2925
3838
3363
3839
2679
3810
3003
4204
3927
4579
2835
2591
3829
3403
3614
3345
3488
4641
3507
4211
3255
2985
4376
3606
3335
3811
4886
3222
2898
4377
3870
2819
3800
3794
2662
3119
3813
3065
3512
4660
4327
2842
3745
4618
4697
4757
3181
4982
3102
4841
3874
4378
3428
4177
3401
3424
2858
3622
3394
2794
2815
4548
4698
4563
3131
3419
3988
3015
3166
4477
2885
4501
2756
4305
4090
4162
2693
4015
2831
3908
2531
3644
3920
3871
4961
4197
2921
3715
4078
4909
2516
3268
3747
2928
4536
3849
4147
2506
3254
2651
3863
4688
2562
4527
2912
3985
2567
4301
3407
4358
4393
4881
2757
3942
3947
2574
3079
3639
4937
4701
2978
3177
3921
4093
4445
2764
2784
3952
3188
3583
4889
4473
2729
3741
4651
2711
4094
3343
2612
3326
3265
3293
3049
4186
2549
2776
2997
4069
4906
2740
4815
4559
3218
4879
3191
3317
4289
3304
3994
3689
4598
4819
4017
3175
2979
2508
4827
3691
4156
3331
2576
4160
4181
3997
4840
2940
3546
3374
4227
3963
3687
3030
4170
2507
4644
3009
4129
3276
3669
4898
3236
3492
2655
2848
4235
2641
4360
3721
2906
4638
4566
4759
4829
2654
4044
3019
3240
3678
3796
2585
2998
3230
2637
3575
3116
3624
3186
3914
2689
3930
2587
4736
4412
3291
4558
4029
2536
3069
3707
3853
3457
4523
3179
3734
3977
4692
2889
3228
4910
3370
4572
4834
2669
3531
4551
3443
4038
3327
4275
4341
4775
4086
4472
4114
4693
2577
4818
3421
4066
2833
4915
4482
4776
3106
3052
2775
4471
4830
2783
3365
3115
2656
3681
4795
4140
3774
4303
2958
3978
2533
2973
4787
3658
3933
3449
4991
4895
4152
2734
3677
2911
4525
4042
4467
3348
3844
2559
3051
4620
3168
4555
4323
3643
3764
4167
4439
4853
4626
3321
3467
3399
3773
4348
4125
3176
4855
4419
3142
4499
2716
3138
4116
2872
3587
2871
3559
4120
4222
2805
4008
2818
3290
4864
4033
3251
3081
2634
3126
3928
2850
3422
4655
4337
2727
4417
2614
4287
3189
4820
4267
4286
3856
3763
3881
3954
4667
4096
4428
3136
4079
4710
3523
3848
4996
4115
3486
4369
4593
2524
4835
2639
3550
4888
4422
3899
4607
3247
4798
3185
3888
4732
4403
4304
4193
4027
3858
4887
4800
3953
4925
4024
4921
3299
4206
3267
3446
3485
4335
2718
4359
2755
4073
4730
3459
4923
2653
3973
2782
2583
3540
4958
3199
2535
2779
4673
3739
4164
4464
3339
2852
4893
3809
3705
4547
4956
3712
4588
3703
3872
3076
3807
4185
3792
3722
4201
3478
2923
4903
3153
4845
2565
4217
4218
3273
3319
4212
2971
3495
4779
4389
3594
3055
2555
4948
3174
4486
2502
3862
4343
4190
2887
4933
2948
4968
4882
4020
2863
4150
4292
4902
3996
2700
4107
2913
4703
3048
2557
3509
3452
3066
3139
3270
3588
2868
4753
3912
3795
3074
4614
2659
4715
2704
3522
4747
3491
2698
3010
3751
2647
4395
2781
3460
2915
4255
2963
3534
3173
2954
3894
4432
2540
2798
3854
4585
4207
3352
4299
4877
3704
4187
3391
3001
4431
4297
3432
3736
4139
2926
2671
4449
3497
3122
2953
3111
3470
2799
3036
4822
2870
3483
3780
3892
4294
3292
2899
2905
4098
3314
3895
3028
3786
3685
3581
2521
3385
2646
2814
4198
3769
3127
3625
4210
4976
3086
2875
3513
2661
4707
2991
2603
2542
4967
4418
3109
3867
3405
2993
4016
4023
4971
3351
3284
3642
4857
4409
4772
3574
4951
4040
3969
4226
3137
2645
4930
3554
4657
3993
4734
4331
3657
4451
4560
4904
4974
3490
3931
3516
4606
3309
4901
4570
4897
2564
2846
3655
2725
2770
4831
4596
3579
4413
2642
3582
4405
3026
3337
3121
3369
4691
3884
4671
4239
4263
3558
4919
3738
3922
3084
4591
4400
2909
4824
4176
4622
2668
2532
2931
4517
3172
3472
2741
4298
2951
3519
4104
4194
4601
2919
2894
2685
2566
2719
3817
3410
2826
4384
2666
4532
3221
3073
2501
3285
4161
2787
3840
4849
4328
2790
4444
2838
4215
3889
2525
3120
2937
3744
3250
2550
3286
3282
3609
4043
3553
3717
3400
4159
2982
4495
3637
3149
3819
3986
3039
2710
3380
2856
3303
4454
4091
4279
4373
3412
2884
2800
4488
4912
3688
3068
2691
3336
3132
2505
4740
4019
3461
3210
4773
3728
3631
4173
2582
4738
4632
2807
2825
4437
2607
3152
4797
4391
3883
4709
4071
2500
3564
2750
4224
3312
3551
4049
3619
2766
2984
4927
4813
3241
3465
4851
3611
4587
4518
4329
3160
4443
4127
3974
3629
3816
3641
4975
3091
3789
3781
2920
4583
4314
3489
4918
4941
4080
4914
2876
4540
4675
4461
3580
4926
3238
4370
4531
4911
4481
3056
3948
3754
3364
3855
4985
3124
2546
3720
4581
3435
4552
2836
3841
4117
3536
3226
2686
3408
3180
4458
4407
2827
3569
2503
2717
2556
3578
4883
3123
4353
4026
3454
4949
2664
3209
3898
2822
4796
4931
3702
2597
2806
3515
4939
4720
3757
4602
4617
3815
4165
4309
2795
4686
2861
4545
3005
3359
4946
3845
2571
4261
4487
4629
4549
3549
4613
3016
4677
2786
4741
3103
4498
4064
4973
4706
2821
3826
4058
4885
3089
3568
3388
2796
3300
4462
3338
4799
4308
2539
3798
3203
4153
4141
4258
4785
4782
3067
4513
3672
3552
3808
3423
4365
4810
3869
4371
4953
3416
3425
3803
4832
2811
4695
4191
2696
3252
4175
3269
4151
4424
4320
4610
2674
3621
4322
4731
3647
3064
3999
3706
3600
3776
3373
3129
2667
4059
3148
4130
2897
3762
2810
4917
2793
4133
2857
3361
4568
2733
3298
4746
3966
4839
4788
2746
4385
4142
4505
4938
4251
2839
4929
4010
3911
3635
3656
4612
2975
4248
3696
4012
3058
4223
2636
3915
3242
3021
2511
2672
4649
4155
3434
3054
4870
3155
3205
3163
4944
3909
2708
2824
2955
3830
3698
3072
2630
2809
2621
4942
3788
2789
3192
2744
2623
3353
4423
4001
4611
3535
4183
3110
3771
3044
2523
4503
2774
4158
3381
4535
4608
3693
4920
3041
4814
2788
3586
3620
3902
2681
2966
4748
4025
3328
2964
4569
4756
3790
4219
3042
3679
3404
3224
4670
3990
4526
3634
2684
4252
2840
4600
4232
3561
3615
2918
3806
2518
4300
4515
4556
2504
3212
3543
2820
3083
4714
4508
4521
4244
4361
4459
3814
2568
2599
4088
2844
3936
4964
2988
4699
4092
3896
4446
2823
2936
4984
2959
4402
4844
4123
4582
4575
3560
2874
3700
4463
4435
4928
2605
3493
3464
4047
3526
4519
3184
3034
3860
3272
2791
3344
4213
3012
2864
4802
4438
4502
4253
3456
4594
3259
4543
2596
4500
4145
4878
2883
4669
3695
4440
4368
2967
3263
2947
4351
4291
4504
4259
3060
3246
2803
4028
2853
3962
4867
2517
3418
4174
3651
4408
2760
3598
2924
3668
4689
3159
4039
3924
4733
2769
4708
4416
2624
3468
4182
4051
4786
4433
4055
2589
3100
4970
4672
4524
3211
2510
2886
2739
3831
3989
4510
4154
3356
4980
4807
3444
2943
2847
3458
2743
3469
4396
2829
2620
4230
3675
4509
2631
4135
4805
3479
3690
4676
2813
4284
3429
4654
3047
3765
3471
2832
3234
3737
3708
4869
4605
3608
4394
3274
4102
3861
3214
3701
4595
3593
3114
4833
4700
3864
4476
4085
2877
3498
4007
4311
3532
2792
3007
3295
3731
3375
4894
4148
3802
3801
4277
4999
4664
2878
4896
4872
2908
3879
4006
4640
2632
4739
3982
4004
2615
3396
2600
4380
3926
2987
4470
3117
4683
3389
4544
4276
2830
4357
3208
3748
2851
3032
3646
3057
2560
4075
4014
3563
3271
4306
4288
4625
3541
4659
3590
3907
3828
3659
2828
4624
4639
2670
3038
4542
4200
4398
2665
4474
3169
4990
3085
2969
4188
3673
2780
2528
2714
3105
3760
4860
2880
2610
3876
4326
3296
4616
2735
4293
4030
4755
2854
4908
4317
4965
3431
4679
3330
2804
3445
4635
2622
3033
3556
4171
4764
4652
4475
2767
3718
3355
2738
3082
4580
2723
4913
3527
2606
3749
2629
4791
4737
3859
2754
3709
3945
3313
2772
3225
3900
3674
3061
2558
4035
3822
2941
4355
3059
3167
4415
2996
4590
3162
4307
2545
4789
4192
3474
2965
2534
4138
4345
4821
4119
3125
3714
4037
2519
3711
3837
3232
3638
3075
4214
4450
4658
4442
4106
4723
4727
3939
4466
2619
4711
3804
2990
3360
3288
4998
4768
4452
4483
2753
3676
4011
3215
3000
4892
2972
3094
4382
2644
2581
4690
3652
4546
3697
4735
2999
4383
3178
3847
3046
4993
4848
3719
4245
3846
4397
4783
3156
4586
3183
3170
3528
4922
3918
2900
3596
4843
4718
3725
3500
4404
3144
3793
4009
3146
4256
2677
3627
4792
3475
4825
3941
3967
2961
4465
4202
3164
4264
4924
4109
3260
4826
2939
3187
4246
4460
3027
2942
2989
4480
4128
3334
3805
4041
2761
3306
4728
2602
4642
3453
3096
4630
4045
2617
4240
3633
3371
2934
4149
3992
3613
4685
4430
4312
3430
4539
3663
4682
4997
3367
3022
3279
3505
3904
4621
3885
3150
3024
4208
3204
3772
4762
2573
2643
2841
3502
2890
3029
4364
3099
3825
2914
3463
2801
3603
2938
2703
4808
4955
3917
2699
2981
4837
4717
3151
4126
4334
4313
3437
4315
2916
2994
4573
2882
4969
4506
3487
4231
4817
3202
3161
4899
3324
2808
2917
4216
2561
2648
4589
4562
2859
4031
4324
3193
3397
3979
4962
3779
2675
3376
3101
3995
4704
4987
2563
4493
4105
2724
3940
3501
3905
3098
2530
3040
2537
4960
4507
2932
4564
4406
4053
4981
4801
3480
4935
4062
3670
3165
4290
4873
3937
3382
3248
4387
2891
3557
4221
3387
2762
3733
4257
4952
3910
3035
3494
3213
4966
3227
2843
3893
4604
3256
2707
3976
4674
4260
4514
2778
2604
2902
4541
2541
2759
4339
3897
3601
2570
4876
2601
3610
3130
2751
4457
4603
3778
2572
2952
3746
3462
4491
4489
3025
4538
3666
2680
2551
4725
4662
2586
4494
3357
4485
3087
3783
3599
3158
2529
3377
3466
3258
3414
2976
4609
3506
2658
3767
4243
4195
3092
4101
3547
2578
4455
3880
2579
4468
3237
4063
3916
2968
3504
3555
3671
3393
3386
3510
4077
2929
4112
4111
3785
3233
4295
4530
4447
3529
3597
3661
2611
4087
2995
4196
3481
3960
3521
3873
3929
3562
4374
3090
2901
4046
3438
3787
3340
2520
3878
2513
4681
3980
4479
4627
4721
3289
2616
4057
2548
4823
4571
3740
3062
3426
2765
4875
3686
2992
2690
3402
4959
2598
2949
2730
2867
2768
4852
3650
4411
3266
4233
4065
3112
