314
251
408
461
480
257
302
417
485
360
355
315
451
342
475
288
250
279
363
496
387
280
345
370
318
311
305
473
269
364
332
446
425
341
371
285
323
416
409
484
373
253
300
372
329
335
488
396
261
313
493
388
265
278
337
440
254
489
319
499
324
378
338
330
427
486
391
359
381
294
357
306
454
401
284
316
478
346
349
273
356
281
399
406
439
447
287
384
348
487
400
353
497
444
301
418
465
428
452
358
368
333
470
303
474
433
464
415
463
453
375
421
275
263
498
456
410
394
438
380
469
389
467
476
325
295
266
422
430
413
347
411
395
386
289
362
472
322
423
296
252
293
405
393
495
331
443
304
274
392
441
328
334
262
383
270
477
256
282
260
268
344
367
434
482
490
481
460
291
369
343
298
379
385
449
457
437
390
340
382
445
458
450
491
258
414
264
376
398
412
420
308
374
431
483
320
271
327
455
479
404
354
326
309
255
339
290
402
312
424
276
462
494
459
419
397
352
292
403
442
448
432
259
310
336
361
365
426
307
299
435
492
321
272
471
317
350
436
407
466
377
277
267
297
366
429
468
351
283
286
386
479
389
257
256
304
424
313
475
326
348
261
428
255
260
487
372
322
426
460
294
434
277
438
340
297
288
361
283
384
461
342
391
466
394
440
382
345
253
375
280
254
369
335
344
353
362
469
258
358
415
367
303
336
264
320
491
317
414
430
331
449
499
486
319
489
399
429
285
282
455
403
298
316
339
315
470
388
324
418
378
309
284
289
371
332
272
411
363
302
398
409
366
350
408
328
395
311
476
450
291
351
354
265
337
498
300
273
296
452
323
355
275
308
290
443
364
352
312
471
435
357
485
390
432
307
380
279
413
349
278
478
463
359
445
402
420
286
459
437
446
393
325
293
251
295
376
373
368
483
451
263
396
400
321
433
481
397
329
444
318
379
421
270
494
407
427
496
490
425
287
417
334
385
497
310
406
271
467
493
412
458
377
410
474
356
346
301
347
436
381
327
422
419
423
306
495
416
484
392
250
305
266
464
341
473
330
370
299
314
456
292
492
387
480
252
448
439
465
488
343
259
333
472
404
365
457
468
268
482
383
374
269
431
454
442
360
477
281
338
405
401
453
441
274
262
447
267
276
462
