536
514
687
881
998
500
980
725
906
565
996
660
662
549
608
617
532
786
585
899
795
557
612
723
639
646
506
693
995
758
700
925
744
970
883
947
519
957
813
548
592
644
528
904
944
735
611
775
576
542
634
979
689
790
650
680
739
992
633
698
553
997
757
915
632
594
691
875
664
802
524
920
683
840
984
577
958
505
978
817
832
544
884
539
971
590
784
931
681
566
876
526
778
843
985
706
518
667
552
665
828
587
767
941
604
836
952
607
629
929
882
733
623
730
669
651
511
709
851
972
852
820
842
688
793
640
789
960
559
907
656
502
697
507
763
674
940
794
911
926
877
814
581
919
707
694
863
722
981
513
761
988
822
713
937
975
921
603
728
895
954
671
529
720
708
891
690
999
779
797
959
738
798
819
962
818
560
838
982
737
636
774
772
740
853
894
512
935
627
885
734
510
900
705
597
673
628
741
949
754
924
830
896
593
648
764
955
792
868
799
977
886
679
967
736
824
714
686
589
983
987
777
609
573
657
760
803
547
823
857
869
666
787
804
917
642
606
791
928
879
908
974
711
752
654
934
942
966
902
938
748
732
848
504
643
849
785
531
888
827
835
647
538
861
712
889
747
710
943
939
726
676
653
520
556
950
701
806
834
543
833
993
622
703
523
630
837
649
989
663
605
870
699
599
615
746
731
729
745
808
598
658
856
872
545
890
749
692
897
805
596
704
887
771
850
781
655
780
533
810
770
762
625
517
541
540
715
913
809
831
614
645
905
864
668
844
766
580
721
821
807
859
718
616
847
619
927
776
601
672
964
724
583
816
558
554
602
727
932
678
923
788
986
930
631
878
826
685
535
717
568
635
610
903
582
854
961
990
893
675
846
751
963
695
839
811
550
936
873
563
586
948
755
765
914
716
574
933
516
783
800
825
555
874
626
530
719
638
508
534
600
562
503
918
569
969
753
880
909
796
855
567
561
768
871
641
946
782
652
945
865
659
546
953
867
965
670
595
994
571
841
501
527
696
773
613
815
976
750
956
521
572
845
618
584
759
570
901
743
575
620
661
702
682
866
829
922
862
898
578
637
991
742
860
973
588
515
756
525
677
621
769
551
968
916
684
509
801
522
858
951
537
624
892
591
812
564
912
579
910
541
688
952
622
575
794
842
875
553
976
596
658
826
971
942
692
641
644
502
707
978
917
747
744
878
919
684
773
542
510
712
624
706
611
654
854
701
889
809
859
718
877
903
758
774
609
528
573
945
593
598
618
569
933
733
617
887
604
795
557
570
766
775
992
621
673
897
914
838
841
694
756
879
851
990
910
904
926
984
771
686
959
653
533
939
797
886
943
650
581
981
687
911
907
856
779
845
920
786
723
677
668
915
822
831
513
999
665
993
970
820
699
539
655
871
633
558
960
801
739
757
521
899
507
506
715
704
630
788
796
948
880
584
725
526
893
923
719
953
674
636
738
545
574
537
705
714
956
941
849
983
850
663
751
711
661
924
642
601
532
870
590
549
980
672
637
866
732
858
909
865
761
754
602
799
760
759
969
722
693
643
791
985
817
966
813
816
717
833
973
787
578
957
726
606
645
556
900
803
891
716
819
867
713
882
742
868
597
902
660
750
696
949
789
530
979
546
916
547
825
824
565
844
922
683
883
806
770
955
613
664
810
901
925
954
720
561
709
784
930
853
710
821
989
585
964
873
834
996
638
620
518
913
748
543
888
946
749
648
790
523
571
680
583
963
568
869
755
603
855
524
840
848
657
814
527
918
519
934
550
685
651
781
563
731
666
950
678
767
892
610
783
898
594
514
785
635
753
872
559
728
862
656
566
669
815
586
743
768
509
605
520
540
823
846
679
927
577
782
662
531
589
906
562
649
508
729
627
676
908
616
778
912
730
861
792
765
991
986
884
764
525
745
762
576
504
864
977
940
588
548
987
632
944
746
947
522
634
818
698
836
776
827
544
639
564
505
735
700
727
580
997
703
511
839
702
671
629
843
652
595
501
552
500
640
582
998
682
965
828
591
881
890
805
936
631
737
560
995
681
780
659
538
734
503
608
874
579
837
958
515
646
832
863
793
689
896
695
607
811
994
982
614
554
721
619
857
625
988
551
667
802
829
535
876
626
932
975
567
599
938
615
529
536
928
600
691
516
612
741
798
572
647
740
763
752
962
804
835
512
830
555
929
894
592
697
860
800
623
951
847
931
812
974
935
885
670
772
736
769
905
534
852
675
777
724
921
517
961
968
587
937
807
628
808
690
895
972
967
708
