8044
8473
6161
7588
9119
6370
9148
7997
5732
8785
5504
8969
5316
8511
8646
5337
9070
6577
7980
7167
5423
6402
9045
6857
5185
5133
9732
5525
8035
8531
8117
7956
6987
9408
7901
8183
9907
5808
9919
6438
9340
7006
7976
7955
5951
5085
9956
7881
8215
6498
7771
9648
9588
6785
6209
5761
5038
9563
5167
5225
8635
6713
9003
9899
8060
5851
9330
7341
7744
8179
9560
9031
5651
7558
9303
6592
5628
7435
9610
6860
5882
5372
6248
7524
9658
6451
8404
6859
6840
5221
6262
8143
6641
9943
7436
5405
9860
9426
9761
5523
7564
5788
9010
6644
7641
6628
7645
6492
5621
5625
6845
7480
9578
5794
6092
6268
8596
6984
7378
9397
9002
8572
9488
5966
7001
9108
7774
6043
5021
6316
6516
8669
9014
9493
6061
6136
5074
8466
6696
9323
6988
8846
5027
6404
6252
8814
8616
6967
5101
7481
9179
8459
9725
5779
7858
5925
7273
7321
8883
9461
8862
7484
5878
7805
8439
9816
8311
6060
6389
9403
7700
8175
7182
5479
6730
6917
7218
8821
6066
5980
7798
6362
5032
6557
9805
5241
6654
6265
8270
5611
6494
8800
8509
9733
6079
9385
6239
6445
6906
7133
6399
8318
9649
7071
7124
9657
7802
7472
5193
8778
5240
5375
7849
5141
5749
8828
8541
8144
6683
9935
7058
8132
7024
7101
9991
5219
5697
6070
8166
7577
6815
6809
5384
9736
6072
9339
6825
6846
7148
7755
6531
7814
5641
9639
6562
5215
8964
9072
7973
8482
5866
7199
9877
5886
9484
8213
5024
8829
8255
8063
8009
9713
8954
7512
7792
5065
5711
9341
8854
8764
6581
9904
5230
7035
7926
6243
7591
7600
5494
5147
9659
5721
8660
9054
9476
5043
6240
9678
6247
5924
7937
8256
5932
7768
7649
8222
5729
7377
7301
9219
8163
7731
7423
7794
9012
6242
6709
6204
8333
7229
5782
9413
9358
8387
8701
6835
5534
5973
6384
6123
7270
9552
7801
8895
5443
6945
9204
5258
5566
9142
7787
9378
9685
9979
5898
6253
5974
8582
8600
5562
6395
9797
6125
6314
9275
7841
8376
5599
5704
9802
6981
5734
9410
5892
6364
6847
5820
5002
5037
9074
8712
5532
7793
5440
9539
9880
5098
7953
7608
8622
5722
7143
8943
8880
5533
5357
5461
8406
8998
8561
9448
8257
5087
7927
5480
7244
9146
6016
9120
7845
5513
6960
8182
7092
6279
8350
9144
9846
8390
6732
7450
6955
6663
7703
8871
5142
7847
7823
5918
6147
9688
8146
5317
7420
6606
7416
5370
6344
7116
7350
6711
8249
7796
9702
5460
8176
6591
8077
6621
9822
9618
7897
7437
5072
5575
5291
9393
6199
7078
9472
7642
7401
5410
6978
7572
8301
9957
6186
6047
9037
7732
9124
9455
9366
9593
6788
9401
8663
9132
5000
9191
9082
8319
6462
8537
6507
6738
5257
5830
5778
6077
9189
5658
5114
9164
7314
5804
9419
9233
9085
7042
8516
9829
6499
7335
8945
6188
6085
6741
7037
6612
5800
9213
6295
5175
7364
7053
6801
8024
5891
7598
8173
9690
7305
6849
8089
8252
9336
5874
6187
9310
6765
8485
6103
6094
6300
9613
5385
9915
8121
8512
9848
8548
7021
7322
9316
6353
9898
9719
8136
5155
7581
9528
7904
8823
6812
6151
7468
5683
8938
8696
9324
9500
6137
8592
6979
8317
8356
7985
9057
5130
6934
6401
8897
8824
5529
6793
7510
6120
5613
7940
9753
9071
5881
6068
7574
9746
5051
8066
8264
8795
7573
5269
6166
5187
8462
7557
7287
8078
7145
8351
8555
7505
7929
6299
5109
7737
6759
8372
9547
7549
5421
7102
7692
7329
9909
7444
6813
8405
8092
6261
9843
6585
8472
6181
6932
7079
7431
8866
6541
6218
5963
5360
8853
5389
9601
6509
6936
5746
8302
5724
9267
9166
5916
8273
9228
9314
8654
8402
9046
9121
9451
9704
7299
8736
9885
9932
5931
8014
7952
6220
6753
8329
6063
8052
9301
8674
5055
6971
7161
8886
8010
7201
7782
9343
6787
5210
8116
7279
7786
9782
8288
6665
9116
9095
5992
6150
6371
7141
6044
9270
9326
8492
6764
9175
7745
5744
6985
9536
5299
8838
6921
8598
7612
7628
5287
8912
6674
6841
5419
5117
8599
7449
7850
6238
8393
7213
5537
5600
9863
5515
9988
7339
5789
7772
7553
6083
9772
9480
8259
8127
7941
5752
7224
9418
8205
7334
5465
7374
5308
5660
6523
6174
5388
5923
6726
8507
8495
9360
5784
6334
7893
9342
6115
7989
9013
6302
7363
8284
8980
9429
7636
8142
9711
5169
6983
8493
5161
7237
7060
5470
8123
6948
7947
7552
9794
5408
9318
8788
8275
9762
7964
8096
7579
8082
5485
8065
7949
7931
9984
7371
7528
8321
5493
6710
5277
5505
9320
8278
8494
8867
6629
6100
9115
6537
7983
8720
9561
5596
5668
8487
6168
5959
9421
5248
9001
6668
7770
8227
5028
8779
9622
8039
5653
7020
5822
9856
8236
9667
7000
8436
5740
6345
6576
5826
5428
6443
8832
8168
8243
5858
9272
8781
5309
7389
6966
6432
6101
5305
8217
9061
9249
7945
6559
9349
9471
7251
6729
5086
8262
7355
6957
5609
6820
9771
5476
7209
7096
5088
5698
7070
5553
5994
5503
6264
8765
6025
9315
7412
8283
5466
6594
7869
9184
9632
6422
8145
9338
6853
7556
9707
9247
5558
8770
8881
6259
6337
7495
8999
8007
9430
7390
9456
8419
9530
6902
6144
7521
9558
9329
8251
7476
8985
9302
9729
7876
8149
6008
5462
8885
9921
8500
7683
5401
9814
6226
5121
8013
5490
8188
6898
8901
5442
5148
8177
8522
6075
8338
5484
6133
9485
6127
5049
5474
8239
8851
7327
5619
9174
7513
9906
9635
7081
6658
5577
8666
9152
5004
5985
6836
9415
5044
7313
9253
8294
7487
7960
7750
6460
8070
9823
6766
5701
8971
9538
9734
9088
6885
5833
7269
5581
8933
6413
7297
8247
8860
7748
7047
8990
5008
8639
5128
6214
7466
7979
5548
8090
6943
8656
9446
8869
8793
5848
5054
5672
9614
7417
8630
8556
7240
8755
7131
5949
9791
8444
9873
7511
7644
8488
5023
9598
9724
5516
9551
6278
5326
5236
6049
5962
8966
5108
8634
8577
7376
5953
9951
6114
7939
8930
9828
8960
8266
8130
8225
5434
8789
7100
8825
6915
5274
5283
7488
8203
5812
5681
5181
6752
5511
8744
9300
7106
7637
5506
9368
7663
7114
6887
8110
7593
7150
6768
5243
5561
9464
7968
8706
6158
6923
5018
8069
6508
8438
6286
5602
7458
6740
8501
8170
9693
8212
6631
7319
8081
7169
6561
7491
7870
6964
5332
5143
7278
7344
8119
6534
8194
9434
7357
6982
6292
6426
6634
6989
9009
5508
8389
9607
7168
8363
5377
9186
5780
7388
8478
8274
9325
6271
5864
8742
6928
7233
6074
8918
7534
7816
6472
8884
7300
6677
7691
7288
9265
8416
5416
7271
8174
6949
6913
5366
6202
6033
7990
6211
7800
8576
9652
8614
9078
5031
9006
8465
7664
5417
7740
8231
9535
9963
9583
7272
8754
7706
5593
9438
9167
9041
8743
5468
8100
7216
5818
9913
6297
5964
6194
5807
5455
8226
8976
7107
6149
6897
6456
6755
8690
6176
5968
9854
9248
7366
6178
8671
9432
9083
9993
6527
8819
8667
5876
7252
5194
9450
7238
5216
6526
6414
6884
8523
7076
5927
7022
6653
9543
5343
9706
9190
5314
9118
6196
5282
8843
6081
7837
9553
8306
9517
9478
9141
6423
7132
7066
5639
7243
6257
7618
5089
9888
9332
7651
9516
8147
8392
8991
7312
9568
7261
7119
9292
9624
7274
6942
7607
7128
8865
9305
5363
9616
6600
7759
8201
6708
9565
9712
5387
8878
9862
6134
8154
9334
8948
8400
6119
5146
5917
8162
8067
8679
7623
7005
7356
8673
5870
8940
6273
8787
8718
9756
6657
9626
7974
5524
6864
9705
6780
8624
7635
6863
8401
5754
9853
6027
5948
5059
6170
8571
9135
6598
8731
9111
5646
5378
6625
8380
8692
7957
6828
8636
7170
9352
8426
8476
9106
7067
5420
7714
5578
8896
7012
6113
5467
6821
6808
5517
7909
5585
7531
5226
7155
5526
8447
7302
7571
9286
7434
9847
7219
8083
6111
7068
9748
8965
8027
9504
6269
7268
6435
5492
8353
8198
7180
8240
5009
9559
6245
9783
6558
6102
8047
5912
5413
7551
8032
6315
8112
8672
9905
6636
8693
8370
6080
9181
7972
7924
9015
7265
9271
9492
5179
7328
8428
8347
5325
8431
6010
5709
7693
7391
5296
5354
5279
8816
8685
9503
5104
7828
9831
6201
7256
9524
6771
7040
9452
7993
6747
7409
5999
5261
7961
8597
6505
6324
6015
9290
7029
6156
7023
5530
7282
8707
7453
8422
6502
7418
6474
6699
6535
6632
8697
5041
6288
9056
7626
9128
9298
8074
7103
8988
7958
7151
6564
6805
6649
6900
7604
7193
9209
6200
8856
6056
7638
9047
5426
7842
8607
8841
9025
6216
9926
6908
6652
8638
6995
5770
9260
9087
8185
6721
9281
9525
7331
5919
8345
6439
6116
6026
8022
6542
7734
9365
7631
5444
5934
7603
8297
6332
5498
8058
6203
8861
6682
8994
5165
6210
6468
5329
5323
5781
9575
8734
6669
5836
6368
6312
7643
5617
5188
5302
7205
6348
7002
7933
9981
8842
7580
6397
7928
5427
7622
6623
7108
8839
7527
7938
6382
5324
8025
7174
7988
7197
7455
5472
8200
8125
9815
9680
7597
6484
5301
6926
8830
7898
7880
6520
7570
9221
9113
9453
9362
6901
7236
9717
9463
6547
8124
5315
9382
5205
5977
9807
6002
6794
7536
9008
8285
9608
6671
7242
7097
9631
7660
9377
7530
6991
8451
5755
5172
7055
5700
7195
5883
5706
6638
9022
8568
9479
8737
5745
6396
6164
7951
8864
8677
6009
6855
6882
6284
6573
6361
6171
8246
8113
5365
7965
9202
8875
9824
6567
7720
7210
6417
7859
5549
9372
8412
8456
5742
7975
8763
8953
9039
5438
5799
8403
9510
8710
9557
7105
7873
6272
6497
8229
7262
5913
7025
6229
6317
9255
8855
9220
7030
9619
8727
5791
6965
8184
5829
8760
7188
7864
7547
7034
7396
6977
6969
8061
7766
5518
8922
6198
8421
7489
6552
5929
8464
8746
5007
7878
7719
9670
7118
8180
6225
8573
8000
6580
7780
6622
6007
5132
8642
5355
9675
6839
8040
8410
6017
6183
9288
9684
9020
8882
6338
9139
8057
7544
7761
8011
5764
8210
9672
7627
8688
6533
6648
5294
9520
6054
8364
6512
6463
8687
7098
6400
8623
5606
9962
6521
6112
8118
8728
8156
5144
6751
8580
5017
6871
5239
5708
5710
8589
9912
5673
8016
8361
8748
6992
5374
5531
9638
8761
8139
7753
5352
5350
5626
7292
6105
8261
6503
7276
7797
5052
6367
9886
6283
9546
7411
8564
6379
8357
9970
9595
5935
6258
7332
5201
8084
7429
5656
6219
6583
6019
9727
7778
9585
6449
8299
9357
6959
8219
7895
6717
8051
9960
7509
7922
7889
7147
8430
8535
5255
7916
9356
9474
7560
7123
6850
6224
8806
5648
6442
7075
8983
9892
9032
5887
5831
9634
6927
7882
9562
5022
6458
5950
8699
8235
9259
5186
8432
8583
6487
6844
6386
6418
7352
9392
8475
7690
9576
7464
7306
8836
5834
5972
7995
9859
8603
5152
7861
9850
8682
8970
6323
5633
5209
9792
5081
7359
5011
9600
8093
7730
7907
9147
9291
8358
5290
9817
6051
8026
9309
5057
9698
8963
9465
5303
7763
8499
9210
6106
9257
5630
9959
7902
6953
8098
7231
8526
6651
8717
9180
8169
6377
7725
6425
6602
7795
9701
7932
7992
6869
8020
8585
5502
8593
9627
6429
5379
5080
8837
6693
7324
7171
9529
6818
8902
5753
7701
5247
5073
6062
8539
7788
7008
6235
8807
5224
9000
6727
7668
6437
8658
9972
9359
6896
5930
8542
9017
6538
9879
6132
9416
8661
9747
9671
7360
6373
9258
7502
6546
8987
6407
5762
9852
7415
5845
8330
9826
9934
6553
6916
6022
6366
9217
8719
7767
9973
9789
5431
7827
6385
7413
5486
9715
9968
5620
9449
9065
6084
7222
7601
6894
6096
9903
8187
9194
5895
6148
6130
5129
5861
5776
5847
5446
7235
9755
9019
7069
6862
6221
7655
7944
9940
5110
6358
6427
9942
6206
8740
8377
6146
9507
8409
9855
8709
7886
8891
9592
6057
9495
6588
9521
7323
7385
9628
7971
8498
8449
6139
6140
6770
6270
5042
6739
7462
6756
9779
6420
5411
8939
7567
6311
7190
9398
7857
6878
9596
8923
9710
9091
9447
9869
8602
5908
8414
9165
8085
8425
7674
9875
9974
9409
7723
9532
9798
9094
6993
6195
5657
9513
8651
7680
6997
6933
9512
5987
7215
7372
7362
5759
5652
5278
6599
8857
8137
5716
5197
9682
8241
5978
8454
5998
7751
5900
9884
8931
9804
5589
7365
9295
5587
7483
9240
9222
6428
7946
6477
8331
6117
5838
6172
8924
7856
5933
5605
8558
6661
7546
6970
8791
5942
7004
8809
9625
8887
9162
7039
6833
8415
9140
5276
5655
9758
6961
7384
6826
5622
7776
6930
6182
8269
7206
9157
7010
7443
9395
6154
7912
6485
5045
7196
5012
6691
7230
7336
6518
9933
7152
8437
7584
8894
7369
6327
8228
8904
6095
5409
5842
9695
8926
9131
9833
6381
9274
5637
5798
6968
6940
8773
7611
5013
8296
5695
6804
5441
8747
6725
8633
8491
7996
8545
6121
5542
6603
9062
9692
6313
5982
6886
8334
6920
7253
7529
6590
9858
5184
6052
6935
8997
5333
7348
6676
7503
6872
5547
8506
5565
7566
6662
5597
5124
8702
5069
7954
6642
5624
5731
6491
7879
5983
5560
9311
5361
6811
9864
9781
8916
8546
9937
8434
9900
6686
8695
8336
9881
7478
9490
7684
6129
8106
6107
9440
7514
5095
7263
9696
7016
7176
8042
9766
7183
9436
9388
6510
6909
5386
7820
6773
9700
6690
6064
8937
8595
6822
5928
9922
8088
7259
7950
8191
9230
6990
7294
7217
6246
5806
8091
8648
5091
9621
9172
5629
9796
8242
6604
7672
5212
7399
7713
5727
6647
7685
5996
9287
7027
6034
9345
7368
5559
8874
6529
8128
7228
8440
5810
8335
5715
6040
9312
8530
9127
5914
9998
6640
7056
8108
6478
6724
8276
5758
9643
7173
9897
5475
8863
6718
9788
8265
7678
7696
7470
6118
6946
6803
7606
7136
5685
6890
7789
7186
9950
7461
5970
9214
7347
8208
6951
5723
9894
6697
8233
9740
8565
7052
6735
7977
9327
5568
8287
5394
8307
7824
9795
9348
7289
9986
9126
8214
7456
8395
8457
5736
5767
6593
9279
5911
6736
9827
7013
9759
9227
8337
5997
6774
6626
9223
5816
7424
7962
8107
5307
8325
5594
8064
8105
5048
8786
5373
9176
8612
8767
8626
7387
5690
7665
7818
9058
9851
8972
5961
5436
8359
5030
7204
9234
9428
9086
5945
9229
7657
9914
8627
8681
6517
6922
7587
7447
5921
7465
7317
8774
6996
5311
9143
9989
5713
6611
6666
6189
6013
7410
8758
9482
6481
6865
9574
6169
5981
8339
9293
9246
9236
6447
5707
9380
9637
5094
6723
6672
8458
7807
5063
9414
9980
6048
6290
7508
9433
6180
9151
9160
7036
7125
6692
5839
6701
5415
8840
6267
8604
6731
9328
8385
7934
5356
9442
6745
7310
6365
5093
8601
6466
8424
7576
5020
5862
8613
6223
6568
6162
5975
7619
6889
7178
5010
9052
7342
7917
5595
5832
5180
7500
8153
6024
8536
8164
5601
8230
8586
6645
5458
5166
9294
5944
5265
5739
5390
5268
5422
6511
9361
8529
8705
7191
6376
6757
8468
9901
6875
5488
8534
9924
7164
6122
5615
5090
6554
7246
6637
5478
9636
8258
7175
6911
6090
9064
5339
5060
8398
8762
5947
6746
5078
6405
7884
8053
9067
5376
8581
8735
7673
6750
5699
8292
6802
5113
6895
7545
7460
6325
6490
9971
6569
8386
7717
5019
8199
7492
8218
6675
7834
9633
8469
6807
9586
7469
6782
9486
5351
9834
7923
5149
8834
8204
5406
6037
8934
9304
9133
6126
7440
8562
9527
7394
5061
8348
5849
7569
6744
6852
9531
6349
6392
7441
6556
6142
7935
9969
7471
9985
5604
9024
7809
7254
6673
5965
7523
8554
7232
5538
7777
7285
8323
6549
8989
8310
5535
8691
7866
9282
9068
6234
5433
6459
5382
7111
8267
8570
8157
8305
6124
7427
5907
5971
6012
9245
7722
6796
9059
5871
7943
8374
6800
8237
7621
5249
9370
8835
7320
9263
5264
5986
6925
5631
9026
8441
7885
7630
7729
5371
9992
5837
9750
7467
8050
6145
8889
9602
9716
8517
9394
5543
9891
9665
7221
7826
8946
5430
6287
5598
8019
8355
6550
9469
7769
7520
9983
7519
5262
6795
6215
6962
9224
5756
9514
5231
6769
7208
9606
8978
9537
7888
9153
9097
5358
5868
7711
9966
6424
8544
8959
9739
7967
6586
8373
8196
8474
9018
8326
7239
8253
6650
7987
7999
6830
7358
9975
7765
8097
5957
6222
9218
8291
8423
6155
8611
8160
7382
5395
7422
6824
8429
8366
9458
8111
9835
8845
8911
5676
5667
7522
5570
6678
9555
6893
7156
6021
5348
8649
7843
6814
7397
7381
8308
6153
5364
8822
9832
6307
7652
5509
8810
8030
9437
6551
7592
6883
7839
7026
9163
8632
7127
9522
7913
8515
9216
8341
6237
6277
9235
7515
8540
5773
5464
5154
9874
7284
5135
5116
7716
8915
8550
9076
9027
7134
8949
5254
8134
8968
9519
9550
8232
8268
8396
9497
9730
8905
8062
8910
8344
5901
9982
9187
6486
6931
5412
6609
9156
8158
8684
7704
5694
9808
8833
8625
8986
5772
5863
9523
8314
5783
9036
5313
8381
5432
7890
7855
9760
7112
6656
8263
9177
5346
8818
6342
8799
7160
8979
8445
6298
9518
9425
6834
7479
9754
5819
9200
7762
9581
7853
7661
8981
5735
7543
5592
5392
8514
7535
8803
7705
7496
5106
8045
8977
6421
6630
8126
8049
5126
5635
8206
8617
9936
8575
8448
8908
6231
8046
8993
5682
8029
9768
7710
5050
6340
7245
6994
9916
7286
8716
7654
9570
5496
9089
7599
6205
9830
5555
5456
8876
9515
8662
9406
5321
8300
5897
5318
9178
8186
6058
5286
8120
8643
5880
9865
7140
5786
8367
5884
8619
9664
7084
9103
9965
9391
8018
8079
9454
6227
6482
6244
6471
5539
9069
7093
9571
5367
5623
8898
5793
9579
9376
5034
9910
7811
8521
8935
6179
6408
8181
8812
5541
7739
7516
9573
5275
8378
9809
9060
8817
6331
9745
9441
5643
7903
9457
8298
6760
8349
9741
8315
5751
7790
7258
9893
6679
5253
8826
9735
8738
6614
6827
7605
9102
6972
6266
5659
6483
7463
7179
9952
6097
7338
7311
7735
9999
6565
5336
5821
7296
6038
7337
8739
9205
8362
5029
6907
7018
6388
5893
5260
5567
6250
5675
7854
6000
8504
9373
5227
5136
5616
9114
9420
9168
6296
5510
5035
9075
8858
5915
6409
9544
5766
9073
8950
7291
8527
6912
6974
5208
7003
8804
5014
8076
6398
9918
7815
7295
8655
6440
8947
8207
9958
7736
5252
7756
6789
8192
7595
5319
8352
9125
9261
6749
6131
7896
5556
6212
9662
8055
9640
7586
9812
5153
6006
7044
8752
6045
6504
8384
5297
5105
5910
5938
6403
8037
7051
6522
9818
7345
7742
5688
9110
5393
5016
9188
8567
9029
7032
8375
6263
7779
8332
8477
5168
5714
7129
7405
8131
8721
6754
5733
7728
8141
8552
7981
8371
6357
8848
6152
5491
9584
7892
7354
7677
8813
5859
5843
7624
8609
6715
5747
8171
5765
8152
6141
7308
9752
8584
9043
7277
5500
8560
7537
8680
8659
6543
8399
7632
8982
8726
5717
8751
9308
5588
7532
5572
7594
6005
9081
7506
5334
7689
6694
7212
5178
6786
9346
9159
9405
9902
5250
7367
9185
6589
9776
5213
6952
9840
6446
7697
7126
8615
8528
6616
5860
5288
9895
5687
5512
9390
8190
8033
5584
7708
8750
8073
5576
7942
9866
6071
6383
5211
8792
8391
6688
9931
7043
7383
8496
9399
9042
5097
5958
8686
5182
5990
7293
5888
9677
6685
9459
9080
9793
5145
5137
8486
7255
8668
9389
6104
7497
5056
8109
9321
5689
9100
5775
6792
6574
6620
5429
5246
8056
5040
5158
9548
6681
7370
6207
8277
7959
5256
7620
8873
7662
6014
5322
6350
6548
6233
9929
5270
8343
6228
8769
7526
7307
7639
5218
9646
9283
9773
6655
7738
7281
5487
7446
5520
9280
7865
7658
6873
9953
6343
7539
9199
6918
7122
5763
5425
5233
8578
6419
6954
8003
5064
8645
9049
8917
9505
7432
5414
6322
9764
5627
7822
8996
6496
8068
8001
9668
8777
5693
7085
6352
7266
9129
8071
5905
8776
7198
6489
9491
9930
6280
5956
7275
6321
5501
9564
6450
7493
5760
6275
9757
8159
6743
6328
6476
6091
6555
7936
5053
7709
9498
5738
5170
6695
6597
9122
9928
7452
5191
7225
5404
6515
6493
8519
6306
7028
7257
8641
5809
7316
8086
5899
5720
6776
5591
5047
9101
8004
8368
9728
8286
6605
7404
5906
6607
9384
6329
7518
5076
8510
8244
5234
9533
9703
6716
7083
9195
5204
9721
7099
7911
9867
8870
8913
8644
5768
9534
5943
7863
9276
6163
5349
9396
8711
5102
7589
6528
7860
9845
7978
6372
9098
9644
9475
5940
5869
6797
7648
8034
9149
5608
8290
5223
6874
8508
9170
5160
5750
5195
8043
7871
5353
5634
7260
5079
9542
7919
6525
7848
9499
5719
9694
5418
8041
6778
7533
8524
8559
5435
7575
8271
9872
9629
8794
6320
9412
6011
7494
8094
8309
9955
6705
9250
7428
9744
5610
6453
7699
5203
6039
9239
5138
5960
8665
7499
5341
7773
6387
9207
7157
5792
5664
8031
9467
6816
9799
6410
9870
7330
6309
6208
6784
9105
8590
5402
7074
5873
6030
9215
7061
7113
8973
8784
6391
6582
5289
5164
9284
9925
9611
9977
7117
7109
7090
6192
9737
9435
6001
6560
7031
7395
7507
9580
7089
9483
8714
7267
8936
8148
6734
9402
8138
5835
6842
6877
7707
5232
7746
6390
7402
9803
5527
9364
6707
6571
8324
8220
5481
5647
5077
5120
7054
6758
8780
8941
6190
6980
7130
9347
8354
8216
6944
6088
9997
6779
7408
7177
6870
9996
6157
8340
6799
8820
8956
6881
6851
9193
5003
8815
5650
7969
9092
9947
9266
5967
9567
5437
9313
6452
9481
6099
9765
6213
5134
7433
5162
5398
9134
9466
5469
5718
6380
5855
5300
7406
5777
5550
8872
5984
6394
6829
9769
7077
6167
7454
6914
7234
6305
5267
8327
8282
8295
7538
9813
7991
5889
7379
5222
5192
9590
6963
5220
5607
9587
9890
5939
8471
9307
6020
5039
5894
9838
5242
7062
5979
5614
7063
6310
6444
9331
7559
9871
8455
7900
6191
8360
6023
8992
5813
5902
6041
9203
7144
9238
7041
6904
9243
5244
7414
7138
5936
5292
6160
9277
8223
9445
9691
9642
7783
8322
9066
7154
7392
6256
6251
9112
6817
7459
5569
8435
8048
9079
7921
6924
8637
8379
9819
6053
7830
6359
5335
9839
9468
9252
9946
9423
7555
7457
5969
6036
5499
5825
9775
6276
9154
8211
7832
8675
9806
6719
6712
6584
7840
6639
6355
7086
5271
6301
5140
9169
5579
8605
7200
8725
6643
5875
7915
7438
8411
9051
9961
6823
7671
6441
5582
7562
8015
7653
8533
8657
5618
5814
6431
5306
9681
6351
5645
9035
8505
8732
6777
7914
8101
6110
6772
5603
9196
8962
7666
5771
7844
5680
5852
9150
6684
6939
7813
5070
8172
5006
6617
8708
9650
5151
7315
7616
9738
6867
8557
7485
5174
6249
6950
5453
7906
9591
7048
9337
6308
9038
9211
5067
5439
7905
7741
9604
8038
9123
7448
7361
9208
9883
9673
9354
7835
9841
9021
7550
5272
5338
8925
6434
6530
5856
5345
7386
9566
8766
5263
6436
7724
7094
7743
9683
8927
7670
8443
8167
6938
6524
9322
8250
8155
9751
6326
5123
6790
7646
8805
5787
5403
9612
5696
7679
5865
6330
7250
7202
9028
8479
6363
9182
5103
7806
8075
7474
9044
6255
7504
8952
9023
6197
9749
5712
5989
8984
5571
5015
8461
7757
9976
7925
9666
9620
7088
9285
5198
8413
8903
9130
6193
8369
9945
5644
5580
5473
7065
5552
9920
7166
5590
7542
7804
7656
8629
9786
6294
5171
9374
9731
7887
5359
6703
6260
6660
5528
8490
9597
5665
9790
6536
9501
6832
5183
9256
7080
5632
9053
9033
9351
8676
6069
9990
6289
7059
5904
5066
6073
9599
7634
9708
9489
5988
7185
8574
6775
5118
6354
9198
7629
5955
5850
5815
6230
7050
8442
7825
5741
6018
9780
6411
8418
6454
8193
9615
9849
9825
9407
7754
7810
8723
7373
5237
5176
9439
5005
8759
8189
7227
9868
5083
8749
6601
5495
6339
7817
7501
9427
8801
8303
8868
6868
8694
9231
6488
9623
6457
8652
7226
8606
5691
8165
5229
5449
6159
5280
9192
8197
7303
5674
6093
6042
5380
8104
6495
6173
7609
9876
7838
7490
7430
9319
6217
7425
9911
5954
7749
5872
6065
8202
7249
5545
5092
5554
7015
7715
8827
9821
7846
5544
9836
8892
9948
8844
9569
7647
7784
7617
9687
5801
5400
7326
8831
6031
5284
7165
7640
5991
5071
5206
9994
6937
9820
5396
5522
7891
5728
9496
8420
5111
9335
5298
8921
9444
7192
5995
9577
9487
5679
9810
5827
6479
8967
7554
7775
5001
9964
8608
7836
9714
9367
7625
5564
8388
6767
8647
7439
5669
5399
6610
9572
6341
9651
7087
9034
8797
8099
8944
8484
6360
6078
8248
6905
5119
8312
8724
6704
9387
7019
6929
6029
9878
7948
9117
9333
7017
5769
6783
8407
6165
7142
7650
5663
7659
5670
7517
9386
7153
8313
9676
5424
5662
9777
8610
8103
8631
6086
5546
7874
5347
8209
5890
9784
9400
6143
5312
5084
8961
8929
5196
6899
7343
9158
9801
5519
6004
6055
6618
8588
8304
8893
6819
8553
9212
5896
5397
9709
5115
9379
8328
9720
6947
7548
7565
6500
7038
8272
9509
7541
6613
8279
9232
8178
7475
5328
5383
8715
7667
6473
8811
5125
8538
6903
6891
8005
9882
8161
7868
7280
6375
7445
5362
6570
9424
5540
7986
8847
6098
8497
7752
6566
8054
9609
8028
5025
9063
8008
5551
6501
7380
8281
9697
6464
5743
7894
7072
9653
7851
6415
5937
5295
6659
8446
9007
6003
9679
6076
8551
8757
9787
9987
9811
7393
8346
7862
9363
7799
6798
7442
6346
7867
5483
6572
9540
5817
6975
8342
7687
6791
6762
7875
9800
5748
9171
9689
7451
7158
7998
7135
5638
9417
5214
9225
8021
7184
7682
9262
5684
9660
7498
9278
6843
7400
9244
5150
5879
5342
7375
6082
8798
5857
9582
5844
7602
9699
8289
5730
8115
5285
9917
5507
9040
9306
7046
5177
9526
7073
5122
8920
9837
7248
5058
5702
5774
7681
6067
8520
9431
9005
5661
5327
9938
5259
8849
5976
8888
6050
8796
6028
8463
5654
9785
6519
9506
5666
5993
7241
9654
9842
8234
5189
9663
9422
8587
5563
5796
5199
6540
7290
9594
7563
6232
6303
7181
9722
5156
8914
5482
8254
7207
7159
5447
8741
9603
8549
5877
7702
6763
5046
8782
9077
6858
6089
8059
6563
8955
8017
9617
9104
6742
9237
6465
9494
9473
7419
5811
7760
6285
6667
6861
6254
7852
7908
5190
9545
6412
6837
5790
7596
7163
9411
5099
7561
6579
9686
8483
7104
8700
7982
7785
6761
8942
5026
7615
5705
6406
5082
8102
9004
6575
6513
5159
5266
5678
9661
6838
5941
7426
7930
5245
5163
8140
7203
9011
7194
6046
7110
9084
6999
5238
7486
8703
7223
7966
6378
6430
7578
7694
5340
5127
6998
9554
7819
8320
7614
5805
7918
9556
6087
6587
6175
6319
8932
9350
9296
8678
5096
5459
5636
7121
8293
5036
8452
6059
9268
5846
7009
9050
6866
6919
5703
6831
6973
8653
5823
8640
9206
6806
5381
5536
8745
7473
7482
7014
7349
7583
5803
5583
6138
8756
6700
5726
6282
6281
8753
9605
8919
9630
6506
9269
9887
9861
8433
5033
8072
8135
8427
8023
9381
7139
7403
9743
8151
6714
6635
7899
7007
7872
9109
6185
6986
7747
8394
8397
6108
5557
9541
5797
9107
5131
8683
9723
7676
5304
5795
6633
5448
9353
6722
5677
9273
9941
5457
9197
6976
8689
7318
8783
8408
7633
9502
6333
5737
5946
5293
7920
6480
5068
7298
7146
6856
6748
8850
9048
9949
8547
6335
8503
8383
6737
7568
8114
9099
5642
5330
6274
9016
6854
9161
7733
5920
5903
6514
5573
6291
6624
8238
5514
8704
9155
8808
7994
7309
6687
7963
7812
7283
7398
8591
5281
9770
5828
7590
9726
5840
9647
6733
9145
7688
8195
6888
6035
6627
8713
8729
6596
5853
5725
8772
9641
5497
5477
9967
5369
6433
8802
7781
7698
6781
8907
5407
6646
5391
8569
5854
7833
7970
7686
9371
8900
9857
7340
9767
6448
6720
6293
6347
6664
5331
6470
7033
9460
5586
6941
8975
9508
7808
5454
9369
7407
5649
8221
7712
5450
5139
9183
8768
5867
8087
6702
9055
9778
9718
7791
9242
8877
7214
8460
9226
8859
7829
8417
9995
9944
8532
5310
9090
8122
8733
5445
6879
5692
5217
7057
5841
5228
8006
9264
5157
8995
5202
9136
6910
5885
8974
7821
5612
8621
5107
6304
8224
7726
7877
9138
9375
5075
9645
6578
6532
9344
5344
7477
9896
6539
8365
9589
6958
6698
8453
6680
5926
7304
6467
7120
6956
6461
7137
8879
6876
6595
6706
7045
6241
7910
5489
7187
5671
8481
9763
8150
9511
9297
7585
7695
8133
6177
5757
9299
5922
5320
8036
9241
9927
8513
7582
8670
7220
7675
9844
7353
6416
9289
5640
9251
9173
6689
6128
8909
5574
7172
6619
5235
7721
7984
7264
5471
5952
6545
7525
5062
5368
9774
6455
7333
8951
7049
9954
5251
8958
8579
8790
8928
9096
8890
8518
8650
6670
7351
8620
9355
8470
5100
7115
9254
8502
6032
5463
7610
7064
9978
8002
9470
8543
9655
8012
6374
9742
8566
5824
8260
8489
8480
9939
9477
9317
7669
9669
8906
8316
8563
5909
7540
6892
9674
9201
9404
6356
8852
8095
7421
6135
7613
9137
9443
7325
7162
5207
9093
5451
9923
5200
6848
5686
5173
7091
8618
8467
8594
9462
8525
6236
7803
9908
7883
7149
7758
9383
8771
6318
6184
9656
5452
5273
7211
7346
8129
5785
8080
9030
7082
6469
7247
8664
6369
6393
9889
7095
6880
6544
5802
6615
8382
7189
9549
8899
6336
8730
5521
7718
6810
8450
8698
6728
6608
6109
7011
8722
6475
8280
7764
8628
7727
7831
8245
5112
8775
8957
5575
8436
6998
8149
8919
6828
6312
7041
7964
6939
5578
8097
8742
9175
6913
7495
8826
7616
5293
8867
5069
9231
8406
7136
7683
9499
7184
7274
9463
9245
7205
9101
5501
6898
6093
9857
7488
5639
9745
5505
7678
7114
9780
7001
9842
7752
6336
6633
7606
5132
7920
8629
9230
8084
5107
6221
5752
6919
5195
6839
6453
5717
7367
7604
7755
5920
8573
9053
9046
9706
5209
9203
9702
8963
9064
7451
6947
8494
5370
5245
6643
5113
7130
6931
6646
7039
5392
9505
9918
5781
9583
6551
7379
5137
5317
5685
6244
6696
5038
9958
7857
7058
9302
8652
5922
7546
7944
7998
8422
9364
9317
9482
7744
7572
9137
5534
5468
5945
8104
5148
8418
5821
8631
8938
5222
8680
9615
6900
9373
6601
5458
7098
6117
8043
7658
5976
7925
7026
7293
8144
6565
7552
5874
8448
9011
6424
9503
6379
6410
8471
8625
5533
5869
8608
9663
7328
5262
5731
7932
8743
6714
8435
7056
8395
9553
9264
7102
5170
8019
8758
6756
7825
5805
8070
9306
7075
7610
5962
5339
9145
5981
5907
8751
8426
6599
5299
9582
8994
5204
7110
8649
7529
5660
9088
7909
8643
5799
8212
8492
7318
6012
7681
7521
6090
6286
9428
8840
6151
5590
7285
7138
9413
6382
9174
8071
8705
5020
6100
9414
5480
7077
7537
7094
9742
5968
6661
9647
6319
8574
8242
6840
7613
9029
6447
7329
5369
7142
9091
7393
9068
8451
6984
6768
7607
6204
8526
6460
6043
9189
6886
6202
7265
7180
7011
6632
6590
5765
8953
8770
9904
6003
7641
7732
9576
8801
6779
7845
6996
5434
7044
7973
6236
6709
8650
8229
9749
7108
9159
5973
6101
7227
8941
5296
7363
8639
9135
6403
7257
9432
9824
8110
8876
8961
5127
8363
8101
8420
5589
8453
5998
9909
9769
5236
5225
9590
6872
6078
7222
9301
9541
6533
7685
6071
7769
7465
5723
8520
7780
8512
6762
6772
7889
7846
5705
6810
7632
8562
6324
8094
7024
9134
7540
9941
8699
8967
6711
7294
5040
5095
7466
6174
9078
6179
5459
8866
6210
8481
7186
5530
6216
9119
8090
5492
5473
6272
9521
9551
9524
5889
7036
5486
8596
6147
5305
5796
8594
5340
5624
5221
6636
6475
9315
8993
6488
7380
7299
9698
5512
8761
9525
7366
7016
7371
9339
9640
8078
7731
6028
5463
9157
6670
5052
8679
7723
6647
7122
7348
9236
7215
8405
8388
9126
7095
5197
7270
9032
6513
9194
7561
8344
5696
6041
6133
7589
8853
9635
9839
7643
8800
8714
9104
6674
9350
9351
7602
6290
5754
9453
5146
6783
6691
9196
8628
5508
7733
8535
7124
6660
6535
6131
5414
8332
6332
9914
8227
9418
8964
6600
9988
6480
9502
9427
5802
7623
5351
5308
9691
5346
8806
5248
6544
5663
9354
5466
5878
7115
6569
9602
6623
5825
6831
6394
6860
7859
9459
7670
5386
8397
6432
5904
7672
8378
7523
9408
6774
5931
5820
8658
7406
8992
8488
7453
6844
7005
8900
7549
8491
9382
9075
5365
6436
7849
9614
6616
8539
7249
7878
7212
9654
5310
8812
8969
6896
8026
7443
8408
9826
7899
8682
7262
6881
5561
8000
9865
7892
5646
9973
9151
6295
7977
6048
7858
7524
8260
6932
5551
5642
6130
9515
6666
9971
7855
6976
9150
6920
8354
7200
7490
9528
5616
8590
8802
6248
7575
7941
7320
5295
5233
9760
8887
8859
6723
7304
9787
8358
8356
8962
9945
8168
6452
5176
5138
6588
8868
6002
6096
7504
8336
5471
5380
5722
5615
5181
8146
6381
6559
5718
9154
9406
8647
9489
7121
5360
7694
6384
9403
9735
8881
5954
6568
6337
5786
6895
6890
6229
9419
9725
6300
6294
5806
5898
5634
7139
9659
9366
5006
7436
9501
6420
7435
6899
6127
7055
9783
5163
6515
6534
6339
6985
8985
9928
8154
9140
6668
6761
7570
6194
5172
5032
7235
8736
7828
7518
5724
6506
8157
9692
6429
8156
6811
9341
6743
8184
6434
8074
8476
9699
7624
7433
7085
6770
9727
7874
5577
9560
5756
5914
8473
7286
6289
7204
6354
9469
5859
8544
9337
5291
6597
8256
9605
9099
9537
9217
7196
5599
8158
5921
8361
9045
5347
6728
6042
9828
9042
9153
7809
8459
5912
8206
9882
7187
8286
6021
6929
8086
6882
6659
8054
6085
9544
7134
5185
5198
8485
9638
8849
6966
9280
7962
9834
8337
8410
6997
5794
7454
9546
9130
7061
7506
6827
7427
8731
7671
8537
9976
5451
8479
8198
7350
5956
8136
9057
9295
6775
9446
5959
7612
7345
5650
6330
8864
9883
5949
5064
8179
5966
8239
6234
7727
9658
8216
9004
5750
5632
7312
8773
8922
7595
9110
5415
9978
5618
6304
8305
5082
8116
7640
5133
9677
9938
9578
7337
7835
9557
7994
6020
7317
7434
5776
5948
7520
7448
6784
6060
5714
6418
9186
9875
7806
9850
6191
9473
6260
8371
6058
8880
7358
7053
7493
9183
6035
7241
6699
6941
6799
7259
5168
7503
9310
7618
9313
5160
7106
9656
6281
9272
8186
5193
9866
5276
6364
8333
8822
8858
9144
7960
9113
6088
9218
8238
5412
8598
7576
6297
7179
5777
8386
7418
6056
6077
6602
6350
9790
9897
5416
6276
7887
5326
6348
8505
9743
7929
9383
9221
8151
5784
6695
9618
9152
6303
6301
5801
8863
7046
6771
7313
6965
5436
7801
5884
6059
8291
7689
6061
7635
5856
9374
9294
5747
7107
6817
9127
6243
6964
6802
5173
6154
6023
8602
9830
8415
8712
5977
6162
8177
7483
7390
8756
9969
5903
5787
7712
9535
8062
9044
9058
8375
5015
8099
6579
7709
8589
7968
8797
5697
7027
8997
5337
5117
7372
6974
8252
9753
6524
7891
5950
9788
6396
8952
8641
5158
9579
8706
9177
5550
5383
9026
9437
5410
8553
7043
6016
6988
6374
9328
7945
7230
8754
6087
6959
6883
7657
7064
7656
5528
8933
9370
6791
9944
5743
5913
6577
5867
8195
9967
7967
5751
7789
7060
7149
7663
9166
5155
5727
6889
6849
8727
7234
6323
9356
9085
6134
6167
8923
9768
7784
5837
6798
7071
5694
7428
8511
9377
7619
5037
5238
8423
7394
8075
6904
5560
9818
8982
5943
6335
6681
9803
6781
5263
9617
7481
7535
6793
8057
8213
7420
6122
7980
5947
5734
6160
7392
7569
6649
5819
6790
7463
8279
5292
9385
8224
9651
8672
6014
9206
8871
8243
7097
5891
7178
6753
6107
5409
8973
9982
6680
5495
6413
8828
7255
9917
6800
6155
5513
8788
9696
9558
6310
6132
9744
9687
5972
6309
8192
5529
7736
5844
6673
8489
9641
9025
5721
9933
9801
9634
6338
7494
5974
9907
6687
9951
6140
9282
5098
6320
8735
7239
7221
7338
9717
5110
5638
6911
5626
9901
9276
5055
8700
7916
7713
6164
5087
5124
8125
9204
8029
5809
5131
7258
8789
6584
6940
7487
9472
7092
9728
6386
6387
6047
6492
9616
8529
7928
8721
6938
9874
6547
9346
7976
8424
9932
9868
8060
6564
6476
7512
7905
5604
5827
8032
9935
6507
6400
9006
8890
7547
7881
8425
5593
7148
6878
6937
8694
8765
9569
6037
8120
8786
9849
6182
7403
6402
7165
6137
8321
8455
9890
9924
5470
7040
5441
9856
8334
6697
9946
8307
6263
9402
5617
8132
9961
6049
9387
9021
5568
5366
7999
5567
6838
6713
8817
7664
5397
8865
8556
6118
7267
9331
7497
6617
7844
6866
5810
8559
9599
6876
6001
5858
7907
6924
9037
8166
8518
7356
9457
8059
6024
9292
7498
7437
7442
6287
8398
8051
8300
8150
9407
7447
6694
8588
5564
9802
5969
5111
5284
7990
6344
5496
7721
7038
9191
6611
7850
5649
5558
8521
7718
9957
8832
7153
7480
5999
8646
6175
5106
9421
8558
6807
8267
6773
7792
8115
6689
5046
6483
9597
5135
7103
5243
8429
7708
5773
8180
7802
7853
6325
8414
8882
8006
7509
9468
9925
5739
7773
6313
6504
9811
5089
6443
6655
5614
9103
9922
8888
6874
7772
9869
9263
7758
8142
6215
8493
8235
9908
9642
5430
6525
6847
7937
5372
8604
7807
6142
7963
9964
6246
5425
9455
8247
8162
6450
5525
7833
8210
8382
7950
9454
5548
8896
8223
9604
8676
9226
6106
7332
9318
9434
7747
5203
7556
8338
6992
5684
9621
9050
7331
9480
5101
8796
6786
5994
9593
8130
5269
9966
8580
5023
6945
5651
9162
7321
6841
5565
5732
7918
5498
9268
9420
6064
7100
5833
9814
5074
9216
7042
7956
5798
5834
8809
5393
5385
9018
6040
7908
5363
7292
8683
9211
9809
5405
7508
8245
8665
7485
6554
6782
7659
8248
7467
9095
5171
8165
8497
5500
8289
5083
8626
8226
5738
8578
5586
8037
7839
6490
8794
7816
8404
6546
8909
9395
5706
9143
6015
7306
7510
7767
8744
8047
5504
6163
7074
6486
5045
7253
8624
8234
9133
7076
5826
5574
7926
8458
7099
8024
6439
9148
8433
5573
8835
6282
7473
9694
5009
7804
8764
6615
9751
8891
5314
8018
7787
8367
9450
5005
5840
9574
7866
5870
9514
8838
5234
5179
7730
8528
8780
5940
7734
6416
7127
5143
5990
6183
7614
7431
7160
5300
6502
7501
7334
9251
8452
7649
8827
8450
7143
5647
5447
8462
6495
7028
9681
9344
6645
8080
5129
9594
6412
8527
6809
5606
6280
6017
9815
5672
8276
6264
7903
9666
5335
9899
9035
9490
9693
6051
5842
5257
5210
6203
6172
5555
8343
7819
5814
9720
9297
9893
9392
5022
9178
8088
6105
9357
6934
6114
7601
5849
9345
6561
5995
8141
6865
5866
9195
7661
6472
7813
9424
9705
8670
6405
8342
5979
5680
8053
7949
6448
7450
9391
5648
9507
5051
9242
9388
8778
6955
8660
9466
9412
6039
6188
6523
5658
8012
6812
5704
7750
8999
9198
5050
9898
7177
9002
7101
7471
9340
9565
5863
8434
5733
5677
5556
8638
7890
6270
8587
9142
7515
7776
5775
7129
5321
8170
8319
8612
6168
9876
9575
7360
9665
6815
7684
7677
9746
7029
9729
7389
8263
6025
5007
8113
5274
8984
9620
9724
6540
8898
5239
6856
8196
5307
7078
8322
6038
9903
7248
9111
7195
5474
5836
8581
7111
5249
9464
7544
9993
8214
6893
6211
8287
9483
6119
8035
9422
9379
7525
9073
7516
8499
9580
7722
5848
9701
6331
7884
5302
7176
9607
5679
5926
9471
6650
7052
9504
8944
7695
8063
8244
5816
9253
8904
9028
6259
8454
7449
6672
9311
9511
8393
6268
9128
9730
9794
8734
5762
8593
7388
6830
9393
5264
9460
8637
8348
7935
9800
5075
7725
5987
6307
9448
9533
8389
5144
8394
9791
7651
6703
8614
6575
8747
6079
7830
9793
9492
5700
5737
6777
5329
8296
9330
6683
6618
7387
6008
7617
9581
9326
5514
7711
8523
5102
6671
7182
8360
8317
8785
7409
6451
7898
9771
7244
7679
7469
7263
9827
8095
8582
7586
6390
5230
6549
8329
6351
9619
6237
7862
5881
6686
9182
9689
7965
9060
5058
7762
6113
5939
6971
8772
8295
8775
9500
6169
5014
8803
9709
6667
6935
7207
9020
7740
5062
9835
8262
5927
6861
7798
5265
6837
9872
6746
5088
8326
5260
5899
8138
9009
5933
9589
5774
8167
5358
6144
8813
8139
8545
7676
6098
9570
5450
7342
6951
7811
7528
6449
6862
8490
9878
9506
7737
9853
8642
5953
9220
8373
5011
9336
6054
6794
6497
8357
6176
9200
6362
6466
5872
5483
8989
8058
8480
9096
9927
5391
5674
5499
9327
9063
8339
6755
6736
7486
8118
9024
6583
5309
6562
9767
8217
6269
9947
9168
7939
7457
6110
5378
7208
7499
8657
8889
7716
9999
5887
8181
6869
8986
5331
8851
7004
5602
6223
6095
8447
5709
5002
9664
7340
5375
5909
6808
5206
9711
9055
9715
6121
6610
7532
7280
7861
8510
9808
6109
7309
9213
5016
6245
8188
9052
8681
7748
6511
9333
7023
5004
8942
8579
8194
9250
9851
9493
9667
9737
8061
9563
6707
8725
6586
5883
7445
9870
7278
7405
7261
7938
5142
7714
9977
5432
8892
8464
6581
6627
9718
5268
9880
7829
8330
8830
7900
6407
6621
9774
8128
9832
8534
9633
7054
7800
6250
7410
5637
7580
7621
5482
6641
8874
9224
7298
7352
8341
8417
9643
6406
9804
7591
5735
7629
7163
8622
6032
9686
7921
8572
5527
7987
5228
6116
6027
6606
7911
8284
5862
7377
5542
7247
9690
6578
9225
8133
7880
8915
7402
9862
8298
6679
6685
5096
7605
6498
7164
6629
5446
6007
8496
7088
7172
5537
6285
5631
7413
9003
6010
8121
5475
5313
5139
5136
7585
5419
7743
7840
7674
8691
9072
9639
9885
8077
8815
6070
9648
6261
8690
9779
9400
6749
9722
8507
5748
7626
9985
6944
8636
5871
6135
9848
7500
5692
6033
7728
8878
8498
9577
8015
5348
5188
8314
6909
5153
7425
6733
5207
5715
7365
9441
9329
9838
9476
8957
5277
7341
8905
8114
7668
8350
8202
5338
9283
8737
6357
7599
5583
8951
8536
9015
6648
8131
5539
6556
5164
9252
5476
8842
6433
8661
9368
5400
8038
8056
6766
8396
8793
6952
5569
7997
8102
6318
9963
8630
7644
9863
9496
8873
7923
7682
9965
8218
9309
5845
7957
6572
8347
6102
6763
9943
6201
5653
5065
7314
6165
6639
5910
9548
5967
8264
6091
8655
9559
9083
9650
6352
7814
5054
9363
7745
8635
5518
5060
5620
7065
7972
6908
8720
9048
7118
7592
5109
9632
8191
6701
5571
8738
6741
9726
6612
5199
7009
7012
8533
5147
8258
6814
8312
7396
9994
5033
9894
6299
8306
8717
6505
8098
6739
8911
8825
8233
6326
7059
8757
6892
8129
6557
8711
5145
6789
5255
9805
8525
9165
8945
8988
6369
5769
5961
9214
8301
8606
5306
6566
9447
7894
8274
5231
6825
8907
9123
5252
8004
9247
5657
5894
6912
9980
6092
9084
6414
8385
5166
8055
8288
9919
6745
8472
6316
7470
9005
6576
7783
8701
7323
5028
9146
9289
9636
9443
6050
7974
8345
5449
7324
6409
8708
6471
7030
7013
5613
9465
7953
8669
6235
6346
9540
5536
9066
5780
6870
5439
7034
8570
5854
7620
8653
8885
5043
5932
6725
7429
9040
9975
9766
7006
7072
5114
7008
6961
6353
6006
6178
6288
9417
8211
9185
5105
6470
6710
9415
5303
9810
8749
7796
7502
6510
5273
7778
6981
9069
7958
5749
9891
5768
8816
7514
5461
6986
9750
9861
7192
8251
5035
6658
8542
8771
9770
9564
7584
7749
5526
5757
5531
8538
7970
5916
8083
8563
5524
5764
6508
6197
6624
7357
8011
9740
9338
5454
9170
6682
7854
6851
8811
5893
7368
5444
7559
7836
5128
6468
9234
8687
9249
7288
6321
9921
5853
9246
6376
6089
6399
6392
5989
8732
6467
7785
7959
5407
7791
6960
9181
7564
5484
6328
5683
5957
5272
6560
8372
8351
9571
6226
6158
7322
8748
8519
8762
5428
6752
8140
5194
7109
8829
5745
7895
7609
9474
7615
6371
9027
8769
9645
7194
7305
5673
5297
5985
7765
7795
9293
9180
6196
7020
6372
6516
5610
5813
6853
9201
8439
8939
6075
8991
8449
9436
6833
7551
8623
7276
6717
7554
7126
9871
5315
7838
9936
6494
6537
6727
6192
7652
6256
9470
6072
7696
5072
5507
5520
6157
7698
7219
6530
9777
5901
7560
8981
8134
7279
7922
8928
8014
6885
6156
5942
5591
6864
9624
8324
9512
5184
6187
5902
8076
6499
9879
7519
7631
7531
8723
6692
6479
7238
6311
5097
5003
5643
8921
8250
8222
5429
9799
9761
5404
9844
5868
8696
8531
6954
5047
6233
9494
8105
7407
5676
9314
6993
5452
6349
6573
8249
6598
9092
5828
6284
7291
7174
5538
8968
7818
9222
8384
6652
8733
7300
9155
8893
5641
5741
7047
5086
7914
6377
9859
6334
5423
5835
6735
9905
5479
6279
7545
6708
6170
6843
6740
5655
7579
9199
6084
6922
5180
6877
7287
7645
6018
8073
5779
8309
9916
8318
6408
7015
6958
7284
9320
6994
9120
9426
8427
7370
9259
6459
7588
7327
5759
9649
6185
8781
8145
7995
6342
5237
9561
5077
7226
7414
9212
8784
7242
8546
7326
7441
6821
9657
5570
8955
9984
7135
7220
6327
5334
8726
9629
9886
9401
8948
7981
6729
6999
5596
9014
5588
8022
8446
5984
5316
8442
8516
8178
7417
8042
9516
8085
8566
7236
6094
5815
7582
6902
9732
9763
6654
7917
7719
6850
9257
6255
5250
8750
7669
6207
8616
8912
8522
6022
6004
7113
7983
8137
7019
8182
8369
8091
7788
8664
8791
6275
5800
7799
9949
6987
7146
5636
6521
7303
9603
9229
6550
9841
8007
8185
8065
6721
8152
9059
6265
8025
7812
9661
8910
5822
5354
5640
5547
7882
7373
7562
8862
6126
9124
7161
5396
5093
6461
9823
7751
5522
8468
9367
5549
6788
8760
8201
7876
7188
7692
9601
6199
9529
8327
6914
5202
7203
7185
7625
8555
9680
5174
6622
6702
7170
8500
7753
6845
5182
8567
5442
6517
8280
5510
6541
8595
7202
6901
6423
6044
7930
5187
6378
9813
5061
7706
9518
8282
8416
6000
7581
8965
6435
9423
5401
9169
6626
5149
7827
7472
9721
5691
8702
9542
5847
8821
5078
9519
7759
8996
5938
5433
7399
6759
7735
6823
7675
5516
9675
7885
5121
8843
6375
8123
7421
5024
8515
7079
7996
5579
7673
7608
8402
7837
8365
7137
9090
5991
5332
9273
5702
8966
9631
8219
9704
6585
9954
8713
5099
5829
9622
8254
5686
6693
9299
8175
6769
6456
8430
9775
5081
5395
6613
5730
6880
6804
8484
8353
9371
7168
7742
6640
8633
6518
5270
6317
7902
5993
9461
7934
8795
8103
9586
5059
7398
7167
6751
8437
5189
9683
9281
6417
5592
7720
7225
8805
5036
7883
5687
6108
8285
7112
9452
8477
5010
5753
6493
7699
8376
5001
7096
6543
9065
5067
8615
9442
5797
6366
7150
9630
7665
8879
9094
5830
7444
5285
7116
9223
5175
9074
5056
7093
5770
8460
5996
7141
5882
9716
8266
5162
5287
9425
8995
7419
6688
9467
8554
7391
6818
9486
6189
9855
5873
9114
9308
6619
7667
6742
7361
8925
9394
9670
5150
7090
8508
9389
6129
6437
5008
9611
6879
9752
5422
6393
6426
7440
5876
8399
9806
5703
8272
7316
6776
5152
5271
6230
5356
8173
7992
8540
8834
8875
9287
5063
9930
9747
5630
7666
6217
7700
8684
7848
7169
5281
8808
7565
7834
6819
7915
5671
5154
7386
7123
8169
8039
9625
7947
7246
7281
9086
5165
5489
9288
8020
9031
9526
6283
6905
9012
7646
8621
5911
7477
5543
5892
5322
5367
5200
5227
9342
9796
8675
8253
7159
8021
5218
9208
5664
5191
8959
5177
9349
9785
9895
7989
6604
9359
9100
9244
5119
5343
8564
9487
6531
8958
5217
6747
7297
5964
6383
6200
9303
8627
8763
6359
7766
5462
6760
8259
8746
8390
6180
7385
5021
6715
7295
5289
7268
9676
9164
7870
6628
5925
7240
9192
9304
5406
7080
5246
6832
7805
7867
6086
8532
5509
9527
6005
6526
8466
7213
9274
8297
9254
5955
9609
5029
7344
8172
9431
9910
5544
5594
7484
8741
5546
9022
5244
5247
6930
8273
8160
5502
9107
6053
8362
8148
5659
8552
9079
9376
6258
8920
6868
7910
6496
9713
7289
5066
7384
9008
9736
9520
6208
6045
6228
8549
8320
5215
7282
5707
8798
8847
8831
7031
7456
7954
9884
6177
7741
7252
5387
9271
9478
9781
8804
7266
6665
8918
6684
8023
8364
8547
8715
5838
8916
9995
9451
7912
7808
8901
6972
9547
9353
6388
6926
8204
8860
9539
8241
7757
7688
5298
8465
8586
7568
5934
9360
9316
5693
5456
9712
9300
6009
7068
7971
5562
6567
8281
5628
9913
5438
5886
7254
9321
5417
8069
9673
5389
6441
6858
5336
7245
7826
6558
6478
9831
7951
5782
9846
5345
9227
6593
8108
6928
5983
5467
5792
6503
8335
8850
9792
8383
8310
8438
8355
7982
8135
9488
7070
8872
8046
7594
8257
8112
6848
7598
6143
7542
6427
9132
9820
6796
7330
5323
9205
9889
6030
6081
5855
5839
8010
6111
5493
5711
6656
6052
5280
7424
5817
6978
8328
7049
5944
5701
7162
6329
9573
9262
6949
5151
6428
7879
5818
5656
6946
5965
6438
6501
6942
5515
5535
6605
6442
5226
9497
6538
6365
6587
8431
5327
7590
5123
9600
5662
5278
5118
9789
9668
6115
9679
9219
6322
9087
9235
8109
9942
8823
9375
8618
8974
7701
8048
9873
9710
8027
9685
9972
7073
6835
7927
7157
7821
7401
5368
9332
6846
9061
6923
6273
5678
7325
8275
8401
6580
7633
9324
5668
5325
5445
7824
8331
5232
7482
7942
9626
5728
8313
6582
9538
9596
7969
6532
8790
5294
8215
9757
7105
6083
9429
8591
7823
8745
7596
9372
7464
9960
9325
8092
5318
7831
8001
6291
9550
5301
6238
6897
5930
5379
7687
6473
5411
9731
5785
8475
7438
9296
5982
5311
8100
9887
8236
6195
8269
6614
6731
5279
9416
6031
5085
6642
8041
6112
7198
9671
6198
5039
8729
5080
9508
6125
6138
7381
8548
8261
7210
7558
6146
6706
9990
7913
5958
5044
9854
7517
7181
5720
8861
7810
8557
5457
7273
5205
8659
5258
6218
5068
5924
9411
9248
9598
5992
5282
9772
8400
9566
7151
9653
6916
9365
5601
7308
7025
9233
8654
7018
7636
9017
6867
9000
5183
7411
9136
8569
5552
8666
9816
5941
9266
6358
7272
5576
9674
5159
8975
6224
6103
6806
7251
9109
9184
6822
7593
9652
7702
6391
5453
7686
5970
6500
8841
5744
9458
8846
9279
6712
7864
5485
6159
8530
9239
6792
8943
8947
6421
8171
6011
6271
6422
9881
7536
9041
7426
9543
5141
7140
6066
8002
9733
8316
9825
7888
6373
9955
9167
8792
7647
9397
8208
9125
5860
6744
8607
6308
9591
6361
8207
5783
5506
7872
9773
8886
8441
5373
5804
5324
8221
6836
5885
9238
7301
8311
5275
6036
8814
9258
7193
5778
9444
7201
5823
8377
9920
6462
7975
6563
7548
5394
7639
9275
7815
8340
8692
8728
6813
9179
8648
6927
8903
5627
8946
9010
9644
8265
9867
9462
5025
8349
7705
7145
8935
9864
5611
9286
7600
5048
5795
5402
6171
7754
5251
6829
7051
8203
7397
6594
9054
7462
9837
8143
8003
5952
7940
8662
8978
7597
9484
5342
6463
7089
5030
8930
5388
7408
7132
8592
8913
8368
7458
6341
8998
9762
7662
5997
8719
9122
5928
6785
9962
8820
7774
7634
8017
5946
9362
9939
8159
5490
8686
9171
6190
5112
7919
5253
9237
7250
8033
7231
7906
6989
9741
5261
9606
5443
9081
8255
6607
7697
7218
6855
6074
6150
9106
9669
9475
7351
5851
6487
5288
9049
7084
9207
5831
5708
6068
5763
8584
6446
6401
8469
9829
9193
9983
6967
6555
7871
9115
8068
5519
7738
9355
8209
6983
8045
9102
8651
6726
6298
8081
5413
7476
6826
5017
5103
9176
6363
5978
7822
9906
8292
9896
8126
7003
9156
7048
7948
9023
5621
7650
7797
5689
9129
6675
9334
5609
7260
6962
9684
5344
8884
7455
5698
7117
6797
6910
5266
9138
7355
9531
5905
5377
5755
6519
9585
9108
7183
9131
8787
6205
6397
9937
7777
6824
8704
9795
5242
7555
5481
7400
7988
9974
8164
7538
9256
5076
6149
8688
5846
5908
7492
8656
7310
8583
7566
8610
6906
5267
9077
8740
8197
6274
7264
9678
7395
5079
6136
6787
9477
5681
6458
5582
6548
5865
6957
9093
9996
9243
8677
6894
9956
6055
6345
6477
8517
5935
7021
6455
6266
7771
8161
9290
7416
5808
8093
9523
5408
7563
8049
9833
7924
8124
8432
8551
8190
8036
9043
8030
5608
9970
5986
6527
9172
8119
9047
6444
7229
8294
8407
9270
8568
9038
9822
6805
6124
6253
9776
9655
8463
9007
7843
8845
8174
6863
5478
7770
5469
5695
9758
7904
9952
8883
7764
7343
7336
6977
5635
7746
7430
9953
8759
5026
7062
6592
7966
9121
8940
5229
7033
9036
8709
6620
7489
8440
8609
5597
9380
6995
7474
6206
7144
6748
5125
8066
8561
9190
6918
7611
5104
6722
5304
9210
6152
5108
6816
6062
6069
9695
6936
9485
7553
7557
6141
7224
8087
6491
9285
6638
8819
5975
8467
6644
7190
7057
7081
5341
8783
6637
9987
7066
5729
8506
8366
8392
8987
6063
5554
7319
8117
9405
8837
8767
7045
8777
9992
7104
9139
5895
9568
6212
7782
7256
9759
7779
6099
5494
5665
8585
6395
6631
5070
8127
5832
6073
6718
5652
7820
9786
6240
5661
6481
7901
9997
9291
7841
6104
8768
8597
5013
5645
9595
8271
9892
8013
9959
6778
8710
9929
7865
6314
8977
6980
7206
8852
7349
7152
6574
8550
6545
7423
9158
7216
6370
7578
9926
7842
8697
7383
9456
7587
7217
9105
5349
7156
6963
8064
6220
5120
8187
8461
8724
5812
8634
9513
5031
7763
5553
5716
5771
9738
8419
8370
7375
8089
6630
8983
7628
9719
7166
5725
8470
7422
5929
5623
8421
8082
5719
6046
9358
7539
8776
5254
8283
9481
7863
6430
6232
5084
7577
6609
5790
8927
6758
6704
6767
9858
9082
9784
9734
6302
7760
8836
7228
5420
5793
8703
7993
6635
5333
5585
9739
6227
9188
8008
7214
7037
5053
6795
7817
7775
6871
8739
6252
6431
9714
7984
8445
7362
5919
8478
8487
9215
6057
8895
6355
9307
9923
6445
8600
7622
9097
7354
5355
6368
5214
6389
6278
8613
7655
8674
9912
7534
6184
9998
5371
8617
9241
8707
5019
8199
9991
6754
8929
8268
6529
7961
9567
6398
6404
9348
8774
7277
9034
7513
8577
6803
8663
5161
6440
6651
5605
7648
9080
7223
6990
8972
7896
9845
8524
8303
7067
6469
5923
6956
9070
5012
5541
7543
7197
7007
8722
9343
9948
7335
9361
8695
8949
9267
8379
9584
8917
5465
8067
9934
8979
6214
7189
7832
9319
8936
5259
7724
7943
8200
5115
7069
5216
6181
9404
6360
7378
8106
6973
7986
9160
6239
8502
6209
9396
7333
7627
9821
8857
9627
6257
6222
5196
9555
6482
5455
8278
9479
8924
9335
7475
6457
8870
6591
9843
7541
5540
9089
5100
6719
7717
7573
7296
8428
7946
5437
5767
7133
6595
7131
6662
7237
8009
9782
8560
8575
7886
9587
8483
9347
9381
6161
9588
7175
9765
5713
5807
8839
9628
5403
5488
6571
6732
7087
5875
8293
9378
9660
8698
6082
6251
9562
7756
8869
7050
8482
9390
7120
9098
5116
7017
9013
8685
6720
6465
7691
6249
9509
5382
8040
8034
6968
7376
8976
5091
6380
6128
9700
5497
5890
6716
7404
6536
9940
6933
6982
8673
6145
7460
6570
5000
7459
7119
6943
9764
5936
7794
6907
6820
5487
5742
8050
8753
6698
5559
6857
5018
9708
5057
8931
6925
9536
8668
7269
6970
6139
5472
7307
8153
9756
7271
7154
6474
9261
5726
8897
6852
6120
8932
6917
9688
5424
7211
9202
7574
6454
5758
5879
6552
5699
7707
9117
9445
7002
5824
7091
7359
6596
9498
9056
5710
7936
7583
5598
7550
6254
9116
6029
7128
8147
5523
6859
5290
5092
8513
5880
9840
5384
8387
6780
6539
6764
9386
9877
5803
7083
7382
5612
5736
5219
9510
7710
8807
6067
5073
9033
6657
6734
6750
7364
9552
9435
7877
6247
6267
7571
8270
5760
5213
7232
9819
7653
6148
9495
8391
5951
5140
8541
6489
7522
5094
6884
8044
8456
5319
8228
9981
6356
6690
7468
5545
5682
8667
5157
8855
8374
9608
8752
8359
9352
6219
5557
7347
7155
6333
9197
5320
8824
6842
9534
5390
5791
6484
9572
8766
7856
9491
7209
7781
7637
5600
5190
9888
8877
5607
8782
8848
5584
9911
9112
8495
7654
8689
9610
9076
9149
6757
9323
8225
8640
7933
5256
7315
7032
7803
7680
6678
7353
5861
5361
7199
6080
5134
5988
9232
7729
6019
6464
6854
8193
8671
7415
5633
8409
7446
8899
6991
5857
5464
5843
9968
8183
9384
6724
5328
5312
9265
5418
5034
9812
6277
7479
6737
9986
9817
6676
6834
8718
5581
9260
5201
5746
6765
5789
5900
7790
7243
7931
9398
7369
7432
5090
6700
7860
8908
5532
9410
7374
9449
9269
8096
9979
7173
6979
6241
6875
9623
8914
6293
8231
6664
6415
9409
9797
5622
5374
7991
6730
6315
9071
6153
5521
5169
5126
9545
8906
8107
6242
8457
8894
8352
6542
9039
9141
5027
6887
6166
5042
5376
8443
9915
9240
5595
7527
5352
8678
9118
6948
8299
5666
8230
7875
8844
5241
6891
9672
8501
8155
6873
8122
5667
8412
6231
5625
7452
5740
5864
6738
5223
9517
8323
6801
6076
5071
7868
9163
9592
5426
6367
8632
6625
8599
6340
8444
8543
5350
8954
9836
5364
7302
6306
7869
7283
6669
8611
6520
5766
8315
7461
5877
7171
9278
5841
5435
6225
7630
7082
5688
9847
8644
5937
7491
9173
7191
8304
9662
6903
6065
5915
8902
9707
5712
7511
8005
8380
8854
5675
9298
6888
5511
7897
8716
6553
8486
8411
5362
8503
6292
6950
7852
9051
8730
5503
6512
7412
9860
8176
7703
5224
8514
5398
8205
7275
8163
6677
7478
7638
8474
6213
8189
8246
5477
7851
6528
8818
8509
6969
7660
5448
6522
5788
8856
5192
5330
8565
6013
6026
5460
9950
7873
5122
8308
5283
8833
9228
7985
9748
7526
5690
7311
5980
5211
5049
6343
7533
8620
9001
7063
9530
7022
5491
5896
9522
5208
7768
5603
8111
5130
7955
5897
8799
6419
7496
8016
7715
8619
8980
5041
6915
9807
7893
6485
8237
5186
9161
6603
9931
8052
5888
9284
9439
6653
8926
7739
5669
9187
7704
9030
5286
9723
5906
7010
6305
5963
9637
8240
8504
7233
8971
8381
8693
5517
5353
5427
8571
9312
7158
5167
5619
5381
8576
9989
7603
5235
5644
7439
5178
7507
7952
6634
9778
6705
6385
7978
6608
9430
8079
6186
9697
6514
7000
9900
8028
5421
8960
7505
5670
9612
5850
8413
5761
8220
8325
5240
5431
9277
9067
7290
8290
9019
9549
7147
6663
9556
6975
9852
8072
8232
6123
7035
8956
9062
8970
8990
6425
5440
8755
7761
8779
5572
7847
6173
9209
6411
9682
8934
7786
8277
7125
5629
6589
6347
9754
9703
7642
5811
9755
7690
8031
9255
5772
9440
9369
7793
5917
5580
7014
5563
9532
5587
8950
7086
5357
9016
7567
6509
6921
5220
8810
7979
5918
6262
5212
8601
9438
8403
5399
6296
9305
5852
9147
7726
9433
8603
7530
5971
5566
7339
6953
9902
9798
5156
7693
9554
5359
9646
6193
8346
8605
6097
8937
9613
6034
5654
5960
9322
8645
8302
7346
9399
