3142
256
1336
3575
4161
362
2159
1423
4488
2719
2830
3573
522
2762
1500
3791
4175
2531
28
677
2788
1978
2682
2648
2309
4700
3816
4747
2966
3009
4042
4632
1403
274
2493
3502
2827
553
143
2211
2104
3772
559
3465
3400
2916
2740
1320
2568
598
1045
2437
1138
158
2280
1581
310
415
347
4129
850
425
2532
3489
4784
4054
1607
3970
904
4337
1219
1592
3028
1779
3079
356
3590
3841
592
2176
1275
4809
3275
3258
2173
1967
3536
2801
4331
2059
4895
2193
1386
721
4686
4163
4363
4584
2736
4367
1140
365
1848
1036
4649
2084
80
3403
2323
2297
3693
1183
2755
1600
2998
2499
4431
1054
2019
4149
2523
1522
764
2823
3244
4623
3347
1654
503
515
4835
1713
2778
784
1691
2539
4356
1682
4520
820
2388
1752
3598
165
1296
1286
4944
1210
1683
1099
2521
1573
4956
940
2997
3522
2861
3096
2060
246
2153
51
4341
3197
367
1531
862
4879
2699
3981
460
3313
771
174
694
1961
2546
3302
2368
3016
335
1655
4779
4506
4484
4567
3150
680
2783
4136
832
4328
1648
3844
2381
843
3238
566
2370
1984
853
2717
4355
2854
3749
2456
3354
422
4761
922
4395
1459
2405
1509
2919
3317
125
1821
1202
63
1471
4123
3950
483
3508
2500
455
2476
2052
1338
2065
4338
3410
4361
513
514
3217
3945
1618
64
1726
2772
1593
3902
2815
2955
1940
1217
2745
3262
2555
747
10
1577
2147
2232
385
1684
2081
4602
4440
1637
1952
4207
4482
2666
4324
3991
4718
2556
3895
1805
4985
1019
1922
2345
2923
1233
681
3499
3158
744
1893
4619
4097
4174
242
984
3975
2410
3830
38
4636
4496
1694
1768
2680
1273
1466
3968
992
1306
254
2586
1811
1280
2684
2140
4137
313
3040
2062
615
4094
3585
545
2625
1875
4827
4011
4419
1925
3075
2738
2446
2082
3674
2603
3021
4749
453
1846
4433
3371
95
1765
377
189
2457
4375
791
4060
3349
3374
1634
2299
2102
3557
4588
1716
3778
1236
1113
3031
3712
526
4028
1738
329
1725
1175
4631
3057
27
1785
3795
1162
4953
920
3396
346
2416
3411
2709
2194
555
269
2063
2611
2526
1776
2395
4667
1973
3190
2170
4591
3904
44
1660
3611
3785
4089
2277
4016
1108
3092
2971
3675
1656
590
589
3955
2947
808
3339
4490
2832
289
258
3139
2892
795
2471
1083
1106
4498
100
4730
3888
2361
1934
2851
1417
636
4406
3773
2610
1040
2068
4266
728
812
361
198
3085
769
1086
1561
4904
4568
1299
1270
1926
4197
4709
1318
1556
3539
406
200
4354
2903
878
1287
2590
4723
4903
34
4313
978
1194
261
4326
2474
4627
2301
3872
443
1711
1834
128
4322
473
4186
1949
4192
4187
3116
4157
3093
3558
4255
2150
1569
4618
2873
2335
499
4053
1858
1385
1511
3363
4774
549
1565
1120
1657
2341
2348
2402
2517
2710
474
2384
1918
438
2373
1010
2900
368
373
2885
4437
1348
244
252
1868
3472
2756
990
4241
2880
4732
3630
756
1878
4448
779
4426
3676
1046
331
3414
3556
4314
3973
876
1493
4472
4993
1469
719
568
1777
112
2454
4931
3905
2409
4135
4564
3149
1377
1515
3864
709
3668
4010
3082
3567
4652
1285
3925
567
3436
4859
883
1130
3154
2192
1979
4752
1264
3875
3803
2983
591
4014
2156
1994
947
3601
3421
4797
1520
1361
3485
3923
1869
4645
342
3446
2752
68
172
1443
1774
475
2166
989
737
501
391
1707
2204
3419
195
1456
3501
1004
4880
4818
2269
1974
4715
958
2579
1282
3972
1420
311
1244
3810
1342
3199
2089
2908
2881
1158
4821
4071
4510
1962
4249
1241
3740
4369
3189
649
1014
4321
2944
819
1668
4064
65
348
4027
4640
2011
1938
813
585
3415
2601
1915
1843
1458
1477
382
1246
705
1533
2748
818
2055
833
548
4838
1208
4769
1795
4167
85
658
2705
2672
945
4997
4899
120
2338
1072
4312
542
4296
3752
3505
4332
3660
273
3213
1301
3063
4665
2609
2895
4533
54
2267
176
4043
2180
4902
4272
445
1224
3770
4037
1720
4799
3438
4376
3327
404
2138
3147
2534
3104
2144
1763
330
825
693
4511
4299
3639
3779
76
3726
2074
1422
1953
2562
2571
218
3012
3337
4045
3838
4571
2443
2701
4201
3069
1603
1195
2342
3046
3427
3479
4394
2036
2567
4461
2225
268
1387
480
1516
3616
2325
3424
2132
801
1574
974
907
4074
2247
2189
3820
4428
1481
3351
3953
743
316
4274
1200
679
102
4103
2000
2317
178
3080
1620
4515
897
638
3367
4085
4996
2803
1379
4040
2407
2091
3467
1784
3755
344
3903
2530
4116
1635
2901
1473
223
4099
3832
4630
4765
3754
1232
4491
2972
662
551
4789
1990
3245
1696
1606
2093
2172
3381
4260
2939
15
1333
3665
4473
3657
4033
4621
2720
318
139
2411
4816
1148
1324
306
3719
146
4413
2644
4443
1017
2981
3219
2051
2496
1815
895
4347
2001
4800
3596
3804
4101
985
441
49
955
3340
2535
3207
2764
1044
2228
2831
4569
267
1330
3871
127
2775
21
2842
3
2021
556
4459
2427
4076
191
4576
1265
1008
2727
2536
1589
3538
2466
3811
1292
325
1410
1137
3233
1088
4434
506
2425
1833
3519
2561
2272
702
2245
3800
2545
2849
789
4082
2718
1350
3426
300
1298
3679
3177
1545
1329
2033
3065
3614
4600
4339
1341
3477
36
2106
809
3819
927
3318
4648
3343
890
1059
2980
162
3260
3406
3191
4282
2398
3946
574
3999
1818
434
3724
2938
397
696
2288
4012
3435
4150
4613
4951
132
2231
2296
4221
957
2522
2542
4543
3705
3739
1977
2363
4009
446
697
602
147
3641
1892
4530
2868
488
4823
4539
2135
802
4647
213
4352
2548
489
2505
1279
2591
991
4128
3940
939
2668
3235
4913
322
2044
2906
2007
17
4231
4078
2575
1624
930
4940
1223
2779
2028
3747
1616
4710
1406
1228
2209
3831
470
3592
793
1997
2205
476
1537
3429
4377
424
2394
3574
4957
2784
1663
4862
202
4614
286
4131
629
704
2289
471
683
1135
1759
2559
372
259
2357
4141
4031
2418
4119
970
1985
2450
3038
3551
3843
3323
931
1748
4526
3801
4672
2557
533
26
3175
336
1849
2509
1069
4281
1662
4663
3603
666
94
905
4828
1274
2529
92
782
2859
3742
2970
2195
2544
247
4705
4555
3282
67
2889
952
1645
2248
2657
4688
1508
727
2631
4711
4246
4868
1797
2319
4743
3987
2507
997
915
2847
299
2340
3382
192
1461
2105
3290
2846
3802
1405
1639
4553
1555
4102
2137
1521
865
2279
1115
4824
4865
1189
4319
4831
4945
1238
2470
3444
2953
2928
2136
3647
2315
2533
918
3586
1714
4193
3402
1873
3440
3807
2824
1032
3088
1085
4503
277
2017
711
621
3966
906
4813
4026
4139
2393
155
4237
1867
1958
2917
3261
2993
3341
4462
4780
543
151
3930
2525
3625
206
3799
302
1061
3278
1201
243
3412
1142
3553
4283
902
1782
3518
1651
3185
1783
2870
4739
485
431
4357
2436
2643
181
290
3666
4907
298
1429
3296
2960
896
3948
3305
4976
101
2451
216
4817
3299
4298
4595
1203
491
3777
4696
4801
1755
2275
309
57
1638
4719
1133
2330
3218
4407
1930
3288
3813
988
3198
797
3176
465
2380
3528
321
3722
4731
686
1740
3882
3861
2689
1968
2728
227
3491
281
708
3243
2907
1769
2598
2453
1147
1295
3612
4160
3883
4486
3866
1451
2271
3430
3892
2251
1065
1719
374
3263
3398
1741
1845
2422
4725
4430
2723
3876
4335
154
3615
2671
4833
3581
706
651
2787
1121
4169
1268
660
376
3677
4707
2490
1991
1530
2596
1501
4756
3977
3184
4519
1007
4764
910
1345
2321
4858
4609
4329
1384
1424
4573
2287
871
4760
675
4502
4810
1792
2206
1011
3667
777
3707
4992
4019
436
2510
3466
1126
1514
774
1943
4513
4302
4268
3500
2884
2241
860
1393
2651
3797
1786
2629
4590
1249
4145
1015
3857
767
4470
4029
3636
1728
1614
2034
4092
2311
2203
933
1731
4717
3015
2042
3885
4457
4499
3852
3658
3828
3248
2747
3194
1170
186
4118
235
898
750
472
1817
4036
4507
4378
108
3408
4938
2246
1449
2946
873
4606
2389
4286
573
2417
1093
2129
262
2111
2683
3230
1816
2332
231
1744
1814
4924
1594
3064
3834
4604
3691
4353
1239
2369
2239
669
2852
3122
2760
1946
1675
1226
1920
2865
828
944
43
1064
3937
2503
4449
2877
1364
2504
1053
1283
2131
2262
2678
2796
4222
537
4592
4177
4204
1535
338
113
387
4755
1913
2025
2284
3373
307
4062
748
1425
882
4693
2674
2876
4942
4773
2930
3684
1730
1941
2351
956
4641
3203
228
1056
1610
2540
2097
2465
4023
4325
1020
610
97
490
3836
4601
1143
2645
4839
699
2101
2758
822
3912
390
4959
432
3019
2046
222
2594
899
4213
4453
1923
4200
3531
2067
3456
2030
2833
523
1411
3780
1196
171
4612
2806
138
2773
1906
2616
1022
3826
3428
3842
3013
1847
1580
1924
799
1184
588
3487
2039
3524
226
4673
599
3127
130
3478
1735
4230
3606
1351
3195
124
874
1760
133
2879
1800
4851
2403
420
2776
4616
375
1153
1931
1945
2802
4803
1897
3637
265
69
3252
2160
2714
601
2312
4542
1321
3854
1112
648
1823
427
3010
3443
1766
1400
308
1900
2552
2022
4492
2848
1485
2079
2182
4389
4072
271
3447
2986
4637
1701
4120
4659
552
4964
817
4683
3683
698
718
4950
2538
2141
4467
909
183
3482
3517
722
1070
4115
1484
678
212
4423
131
4348
2390
304
123
2753
4073
4113
4901
757
953
3129
1012
3368
1644
2637
4362
1575
1049
4920
1780
2222
4728
3936
3710
2445
1057
4317
2863
3725
2813
1712
3461
3727
2374
3356
1489
2302
1554
670
2516
2264
4084
3391
4713
62
1087
4415
1646
1921
4556
888
3818
1826
2821
1169
2306
3868
2564
2464
1319
4427
3422
4264
1553
995
2667
2572
2810
3141
1043
3540
2442
1335
317
4399
1879
399
505
2623
3964
972
75
2589
2702
3227
1799
604
2485
4110
4478
4842
4218
4967
3145
3206
1123
4929
3188
4583
3827
1381
1159
3384
3626
1259
2794
2116
3335
4744
4522
2829
1743
3600
1649
776
1813
2520
1598
383
1334
4364
3140
3544
973
234
3289
4861
1640
3295
315
863
3723
3588
2639
3089
2845
150
4055
2929
4910
3858
1886
93
987
3044
502
760
1891
4252
3453
1519
3846
2807
2215
4822
2867
1097
521
1838
1756
107
859
1198
4190
2115
2766
1457
4886
1160
3717
1854
4388
4911
4550
2769
1550
3880
4834
3978
2391
3346
117
1986
1896
1862
3759
3224
841
4455
3859
725
4276
4368
4878
510
3865
976
4893
1315
2461
3878
1764
1460
4611
4401
2528
1822
810
1023
1796
2918
354
1293
2633
4978
3186
2577
294
3115
720
1362
1658
3685
2040
4050
1661
4740
2886
3179
2107
3060
701
735
2912
4372
2549
4736
1089
2328
1871
856
3774
4698
1095
1018
3503
2669
1266
2076
4702
2511
4845
3814
2273
4493
1005
1467
2143
715
3700
4517
3333
3256
3661
3361
2099
3887
741
1882
2006
634
2553
2128
3394
209
2716
2124
941
2350
2902
2584
1122
2872
1724
2809
3765
4930
4098
640
1570
1852
3090
3062
3984
416
297
1426
4002
4825
2343
4386
620
2826
4885
4239
4445
381
1599
1788
2585
1688
1216
1076
1186
2670
323
3294
1632
847
2711
753
3386
3652
1128
3390
2498
2864
4926
3387
3352
3331
2750
3178
1340
2697
1009
1437
3196
4017
4514
2977
738
1332
2213
2581
3437
3851
4582
2588
2169
4670
684
4690
2041
2339
291
787
1316
3547
4580
4856
4562
4159
1495
805
2781
1699
600
3559
1488
772
270
565
1861
1431
1302
1435
1372
2951
1746
4450
4518
4182
217
3462
546
3990
417
1494
2005
1220
535
2913
4925
507
836
370
1927
4829
2219
237
4018
1935
3692
4223
4694
1098
2732
4475
2749
4557
3584
1082
2744
3172
4465
3183
3469
3582
392
1041
2224
324
4108
3451
166
494
3053
4890
4617
4989
4695
3045
4173
2853
4250
924
2621
4121
606
4830
3007
461
2421
1887
3336
98
1546
3041
1928
616
3454
4225
1605
96
1211
2401
3610
1596
1006
379
3267
3737
104
4425
1356
1255
884
4134
4651
4650
4815
1003
2075
4876
1686
115
511
2406
2230
3669
1832
4224
4875
1903
3119
1289
1998
2355
864
1177
4096
3697
1164
4463
4750
4156
816
1307
2185
1291
4794
617
4047
4578
3863
3216
1608
2894
1441
2191
2478
4086
714
1030
1000
3751
1919
1895
4796
3155
1214
1956
2260
2835
3549
4726
2293
37
3619
1830
2695
1021
3157
2537
2090
1204
4536
1588
463
1709
1972
340
2741
2804
2155
4579
1982
4500
1551
4548
4130
1842
2634
520
149
1048
2911
4481
1432
3989
763
3420
3056
4961
4605
4420
1453
4412
1772
2257
219
1627
4532
1191
1029
2583
780
2988
4232
2899
4762
3222
770
2371
1807
1168
3656
1534
1367
2183
4181
3515
3775
653
3938
2045
106
575
4228
4387
1171
3651
4946
4941
3138
1549
437
815
413
975
996
4006
3855
926
3561
22
916
4912
2963
4898
2331
4308
1478
2290
949
3947
4446
2037
3433
672
1124
345
61
814
3655
1374
1717
3941
3543
4077
1178
1789
1666
2696
2078
3745
587
3562
3108
4280
2909
4284
2825
3091
2725
1689
3131
2085
1548
1465
781
459
1114
1118
2313
312
4196
1358
4004
1966
4887
3035
4552
4746
204
2027
1139
4257
831
645
2708
3591
3741
1237
2420
1597
444
1094
2871
4748
2404
4100
285
2218
1754
4226
2234
137
4293
4301
4285
2687
1898
469
652
917
1131
2322
2713
3542
4305
3163
4132
4889
3397
4143
3101
2468
3164
3504
729
4629
3663
1346
2175
998
3001
29
3171
4943
665
3099
1288
3532
3314
2482
712
1617
1809
1586
4138
1601
4165
3958
4596
2731
4660
3020
333
3757
4111
353
2070
2624
1855
1213
4678
887
48
2310
284
2924
2896
83
1156
3701
4832
3279
4452
1762
193
1455
3627
224
1343
1687
1641
4474
2627
4198
4721
4079
3623
3492
3300
4737
2382
2665
3322
1080
4485
4735
2113
2613
866
2942
3632
3077
1571
4381
1542
829
4921
1859
4334
1369
2592
2400
3051
4155
1110
3254
1704
842
1371
2604
861
366
3033
82
2252
1678
4892
3308
3787
2488
2605
581
4790
435
3014
466
2303
2447
3703
129
3204
755
2249
3520
3484
3270
2617
2754
2038
1856
1969
1912
3913
3133
4909
1445
264
500
1560
1727
486
3645
2990
1513
2700
3682
4745
1353
3680
141
2283
89
4349
4294
571
4554
2703
1373
1225
2550
2742
1102
156
2659
4479
3587
2768
4561
2653
3599
9
3817
4615
4180
1440
3130
4805
4586
936
3711
673
2242
1881
352
3114
3407
3086
2217
3718
1408
1804
487
3297
2647
752
4238
3762
3156
572
2088
656
1980
2334
4176
3113
4658
3350
1579
623
1303
2145
4785
1035
255
2798
2344
1790
1067
257
2730
1267
1793
457
2207
2856
3910
3704
1803
4248
2396
4049
4952
1281
2692
1300
4988
1749
2805
1339
2551
1722
1673
811
4373
3789
1951
3743
608
1976
2973
1518
4874
4024
4819
1039
467
1685
4106
1161
723
478
3037
1880
4256
2599
1587
2543
1888
2012
240
2883
994
4418
2858
1327
4001
688
60
3268
4114
1205
4634
1230
1413
1491
1910
2016
1305
3845
1380
3148
3732
2663
4057
948
2608
911
3812
4391
3608
3766
2278
3638
3425
1761
596
3097
2020
4655
3223
450
493
3690
3143
3620
42
4061
1543
3604
3985
2817
560
921
1877
901
4021
4603
3784
2294
885
3695
785
4109
4954
4922
2003
3052
1525
180
4980
3220
3073
369
3168
1524
39
633
58
2240
3881
3000
2282
2734
2941
1955
4936
4261
2862
3922
778
3445
3552
900
33
2444
2642
341
1218
4476
3311
79
3646
2481
1397
1753
4927
3226
2154
1060
145
3109
2945
159
2508
1290
3506
3659
3486
3017
1154
236
4677
1062
496
3670
3998
999
2814
1031
751
2048
3609
3512
3309
4906
1631
2570
509
3579
3490
2501
4289
3018
4164
4853
248
2904
3921
4170
2759
4336
3181
3511
1865
2452
2565
8
4763
2811
586
1841
3976
4236
2304
4642
857
497
867
23
3928
2072
3796
622
2898
1250
2013
605
3128
1751
4219
2982
2935
2688
4152
1414
1247
1904
1729
1708
2600
3310
1625
1706
4897
239
3980
3853
2515
1996
3942
4051
2168
3571
1206
4848
4841
4504
2118
2337
4184
4267
3329
4607
914
1235
1073
1563
2628
3375
1674
713
3124
3808
2822
1016
177
981
1104
3529
3514
4753
3716
4263
834
1438
2957
3236
3568
2573
3909
655
1352
3084
4087
4771
1747
3494
3298
327
1024
3633
4680
4559
4870
4708
2874
646
2857
2413
2593
1349
961
4949
1141
2518
4151
1671
3011
148
749
4758
2943
613
4068
4882
4358
2888
1001
4229
4787
2949
1742
2167
4148
4972
2733
4714
1496
1885
3112
1773
1421
1187
2165
1366
1907
4171
1801
4990
2767
2196
3840
4300
4469
1572
332
2961
2527
682
3570
2994
854
4560
3221
3708
806
358
1529
2706
4654
1151
4066
3794
3565
1462
3833
4262
4674
903
1271
823
3475
569
1470
1902
1084
319
4701
4918
925
966
790
3768
2134
414
4866
1033
2566
4535
3170
2914
6
4438
251
4384
2569
4233
384
2414
2117
4935
2679
796
4022
2449
2975
4034
4432
3395
3004
1541
2438
1240
3043
3595
3117
20
579
650
928
614
4587
2385
4383
3870
4767
3764
0
746
2541
2514
1314
3935
2524
495
583
504
1679
1889
4442
942
250
2276
109
3066
405
4549
637
2893
3239
541
2291
1111
215
4657
1557
3911
2472
3746
272
4977
4235
3624
1446
1981
1695
4566
2008
1559
3161
2210
2979
2926
2179
3756
2086
2658
3569
1317
3448
1564
3687
3907
3434
3901
1672
4083
689
3380
47
3767
4244
2270
3815
2952
2031
2428
3790
3334
3315
1851
2985
1837
4914
266
1434
603
3182
4117
3926
4692
1758
4639
2439
2763
846
954
2925
4626
3629
3106
4933
4802
4983
3024
1517
2641
4527
967
3618
2618
1078
4435
880
3986
943
3782
1090
4547
2064
1310
3067
1710
87
3027
1502
1876
547
4966
3730
3877
3355
4508
1129
364
4850
4080
4597
2221
1835
539
2366
3496
4757
305
716
1439
4881
3030
3072
4786
4374
3974
2574
563
724
2844
1116
1948
2285
3750
2459
2069
1590
1539
732
3151
2202
2869
2201
2969
2359
4565
1063
4147
118
1251
238
3688
2595
2915
4013
3460
2254
1585
1256
4215
3510
4245
3125
3927
1745
2346
1179
3365
4003
2999
2162
4689
423
4456
959
3005
1831
4811
4529
2163
1347
3662
4046
4240
768
401
783
4919
4788
3306
1058
2362
2694
993
3541
4075
2578
1402
492
3678
3078
1260
3369
2243
3372
4366
3201
3949
1492
3107
1173
2800
4754
4153
71
1619
3071
2855
4038
4971
295
1721
140
1820
1630
1363
2686
3159
4104
707
3744
2502
349
263
3054
2477
1975
2486
4846
2440
2308
2799
3357
3839
2032
1165
3319
481
2
3886
4342
2083
2650
122
868
2253
3376
2506
1987
1828
1388
2188
3671
1650
570
220
3439
1775
3809
4070
2722
3497
4691
4523
2057
3257
3250
2841
3312
4316
690
3673
4653
1322
3509
1504
2958
4416
1578
3389
2392
3961
2110
3338
827
609
2212
2455
2808
4258
4030
184
3879
2494
919
659
91
433
792
3963
2092
4191
1609
730
3824
695
3173
1037
2991
4454
1802
400
2967
412
4857
3342
1277
1107
296
3763
1149
508
1167
3823
3360
3916
4699
512
1698
3944
3100
4599
2934
11
3442
1468
3720
214
440
2606
2372
644
1853
1404
4593
3370
607
577
3026
1964
3470
2214
4396
430
161
3605
454
4775
407
1391
4777
3917
1899
4081
2320
4986
758
2383
2834
2295
1857
4360
2460
2932
525
4871
3249
4671
4939
1629
3495
4883
458
4069
951
3468
891
32
3002
3102
1681
2149
3583
2495
14
1692
2435
979
2236
4067
3631
233
2467
4975
2950
4849
3344
3032
1894
2866
2828
196
1325
4610
3776
2812
1995
1732
3593
786
3070
4864
1992
3174
116
2959
1042
3417
775
4253
175
3061
668
983
3029
4287
4330
2415
848
1390
3345
3602
2100
1146
4380
2146
1497
4188
3954
3545
4059
3728
736
2640
761
3208
2820
2818
519
518
4635
1375
980
1954
2029
531
4277
3255
3023
4122
203
2354
1263
4489
3521
3533
3753
3771
798
418
4211
2434
3285
2707
1258
498
4088
3212
4126
4220
4795
2473
4572
4344
4007
1562
4778
3271
4979
2964
187
2336
1297
2771
1836
168
2096
964
136
3714
2171
4093
4146
821
4323
3103
584
1916
2397
950
3951
1670
4894
1383
1182
1602
4574
201
3234
3918
2220
2408
1827
3967
1636
538
482
4279
4288
4869
4189
4987
2307
3908
90
3481
1276
1109
4741
4570
1734
1075
1304
1395
2237
2936
982
968
4112
229
4208
2512
3364
4729
4776
288
977
3192
4275
1568
3378
3423
3291
3253
449
635
393
1071
4403
2026
4315
1523
4622
2576
3432
1647
4393
676
1002
182
1077
1778
870
3548
4195
1909
839
4646
2333
1272
4494
2795
3537
3959
4048
2152
4974
4793
1483
1863
582
447
421
3530
1652
185
2329
1197
4661
363
4133
2024
2843
1355
4090
4392
4370
1419
628
3214
2739
2190
3165
3301
3781
4716
3049
2004
4309
2126
4662
3979
1884
2563
4477
56
1914
3792
1567
4664
225
3634
3516
1409
4806
2119
1081
3900
25
2715
2058
3209
3694
3483
1472
2615
1152
2905
3316
1221
4390
2386
1172
153
3650
4598
1989
3856
1874
3362
3281
1190
3534
844
4837
2125
1988
3576
287
2677
126
230
4546
4351
3286
2130
858
3283
2792
647
396
1643
24
4015
3277
105
2931
3906
2458
3330
439
877
3059
1664
733
2838
3894
3307
937
4365
4540
2208
3943
1428
2836
745
3535
3401
703
2927
2184
4625
1965
2327
55
3211
7
838
2223
2978
625
4994
2761
1100
1718
4242
4158
1475
2281
1690
3162
4124
2791
1359
1180
938
278
2139
479
4408
4400
4541
2933
2797
580
4826
627
2789
3111
4917
2431
4734
409
1950
4984
2956
3123
456
1771
3120
3471
1144
4770
3240
3166
1905
211
484
4044
4397
2690
4209
4644
1370
1908
762
4212
2965
1582
3672
3837
4008
1547
1193
530
4995
824
3259
4471
4382
2377
946
188
2746
1806
3455
4521
3862
4545
840
232
1932
4166
4666
4297
4417
3076
426
2497
2984
2483
3715
451
1486
18
2365
3890
826
410
3464
1933
2358
4923
4306
2318
557
2878
3993
4704
4320
536
3416
3105
3292
103
4733
1583
4216
1532
4772
4105
700
639
2890
2298
4820
4468
3393
4203
2646
1269
1392
2071
402
1944
4439
12
1136
2673
1055
1103
597
578
2693
1819
2263
2630
173
2735
4669
1739
31
717
3643
3825
3847
1163
1399
1595
2122
766
2077
3889
3095
1499
4703
837
4643
4107
2014
4768
3622
3523
663
2326
2729
3228
1526
3135
759
2151
2375
1757
2142
3280
4194
4908
1781
1079
2114
1
1199
2314
3525
1825
3058
3473
2910
1344
2235
13
624
78
618
2587
2429
2463
1993
1959
1737
855
3025
1798
4371
2638
803
594
3325
4032
4525
121
1794
169
3566
2347
3042
3758
4738
1278
260
2412
292
1659
2349
1412
1866
3550
3304
1415
1971
2112
4168
654
88
1398
912
3621
3996
3229
886
2519
2121
3798
2987
4127
1174
111
3653
4558
4497
2989
1911
2891
3992
3272
3039
41
4792
3457
1227
3924
2133
804
3048
2974
4402
1252
1482
2127
1538
163
3962
208
3353
524
1074
4675
152
532
1051
2513
4000
3326
2174
2244
3383
3180
2177
875
1092
4041
3022
3083
2158
4847
2258
1626
1705
74
303
4963
2685
2229
4628
2786
4214
1418
3527
923
1242
2423
4172
395
3366
4720
3377
3247
3498
2992
1027
3379
2691
3513
3995
554
4005
4444
1134
1117
4534
3480
4273
611
1401
4509
986
2721
4877
1365
2676
4199
1248
3874
1612
731
2839
3274
2286
3554
2352
1693
2227
3983
1767
2492
3982
1047
403
4814
4798
4932
3939
726
1433
4340
1544
2161
4035
3783
205
328
4243
3094
4962
1185
2480
558
1839
4333
3169
3860
4812
4409
4608
1947
30
4058
835
3932
754
1676
4884
114
540
2197
4852
1294
879
4804
4292
2922
1243
1215
207
4783
4766
2448
3560
419
4844
4948
3994
2484
3919
710
4916
2061
2777
1125
4668
3734
3822
4505
2049
1480
1750
66
4350
849
894
3404
734
2164
4039
4483
1066
4624
4271
3897
2780
2664
2860
2123
2675
4379
1999
3546
1628
276
3251
1510
1552
1234
1452
661
2047
81
334
2274
1829
3126
1127
53
4311
908
72
4969
19
3867
167
4759
2681
1808
3891
2018
179
2300
2785
1901
2887
1257
1231
960
1052
1621
3884
4973
4052
371
1176
2098
2430
3956
1540
3821
3971
4684
619
1382
3706
3449
314
3555
3589
1611
692
561
1864
3269
2002
4722
4480
4346
544
2968
4460
4638
3681
142
1723
3008
3577
576
2378
1860
1715
2655
4697
3896
2976
1245
1448
3898
4206
1936
3613
2662
1463
1736
626
2612
50
2475
35
4065
359
4991
4855
1313
1667
4144
194
3729
3034
2238
932
2921
2199
1810
84
3642
4
245
4487
3793
282
2962
1389
389
1253
2656
3003
971
2547
4202
2757
2782
965
2367
3648
2724
388
2324
380
3132
4742
3607
1068
3193
442
3564
4551
4185
1378
3664
2635
378
3735
4970
3914
2840
3873
4687
1527
517
3413
892
2580
1447
529
4327
3266
3931
4227
1026
2433
1222
1354
3264
869
2432
1850
3241
73
3232
929
3287
4685
3320
3644
2882
4955
3628
1207
1119
2266
1188
4960
40
4512
852
1337
4210
1791
2073
4682
350
2948
2632
1166
351
119
1604
1498
3418
3134
4025
1844
4681
1050
2009
642
2649
4466
1613
4544
3137
3761
4178
2554
1430
845
3074
3153
1376
3450
685
4724
2066
2920
2469
4125
157
4998
1476
3965
1917
3929
1436
4563
4265
339
3187
2636
889
2602
1536
935
411
4020
1487
1733
593
3055
1394
3399
3136
4982
3458
3786
4896
3210
2424
3050
516
3997
190
1181
77
4577
2387
2661
4581
4422
3563
664
4270
3686
4867
3328
3702
2770
3850
4633
691
1454
134
4234
4424
398
3899
1528
3098
1331
4183
1254
2010
4968
4575
1633
2704
3915
1584
3110
2737
4676
2157
3572
3849
1229
4873
3709
1503
1770
2364
4398
3358
2080
2819
4781
4140
428
2622
1623
3441
3463
4441
2292
4538
4436
612
2626
1096
3738
2765
1479
643
221
2614
1028
1368
320
550
1702
4915
3246
1700
2751
2426
962
1396
2148
1812
4999
4934
464
1262
2103
1150
3215
5
3699
2186
3409
1474
3748
3144
2265
1505
3388
1506
641
3689
3452
4291
1323
1326
4706
2479
2712
1444
1450
1960
3721
4345
1615
1416
1311
2654
2268
4928
343
4840
2837
1566
807
3036
2743
1665
3081
2660
4501
2996
4405
3087
1697
4888
3237
3933
3167
46
2226
4304
851
408
4091
2178
16
564
4872
210
4751
1591
4343
4863
164
527
2937
4808
1939
2620
740
1622
3160
3303
448
3205
4712
3731
2095
197
1464
4495
4854
4259
2015
275
3597
45
2087
110
1407
830
3507
2261
2619
4528
765
3893
326
2233
4251
2050
1870
3733
969
4531
253
4905
4537
1038
1942
3118
2560
1558
1101
4807
4385
3488
1703
2094
2108
337
1890
630
3635
3848
1328
1212
2353
934
2120
59
1937
4516
4162
4594
4464
800
4458
2774
1155
1284
657
4290
1427
4981
3324
4843
1490
135
2597
4421
2790
4411
4142
3225
1963
1883
3969
632
872
3385
4620
3459
2995
357
2198
249
360
1308
1105
429
3713
2316
3392
2255
3332
893
3405
3594
788
3829
3640
2441
2259
1824
355
3273
1983
1157
452
1677
199
2491
4310
4303
394
2250
1360
3526
687
3988
144
4414
4836
4524
2187
2954
280
2558
3121
3960
4589
3760
3493
1957
4179
4947
1132
1442
4254
3276
4585
2793
3698
2850
4205
2940
4679
1357
2256
3654
2109
1669
3431
70
4782
2035
1261
3617
4404
3957
595
4965
2816
4269
170
794
1787
963
3265
4217
3200
2487
3649
3805
3348
2897
3152
1512
3920
1091
3359
2200
2489
4063
4295
3146
2875
1192
301
2399
1576
1872
2462
3578
4791
3006
3952
3068
2054
1680
477
1653
773
1209
3869
667
2376
2305
4727
3284
2582
3293
4656
2023
2053
3231
1970
1025
562
534
4056
279
1309
4359
4247
2726
4451
1507
86
3202
4410
881
4891
1642
3788
3934
1312
4429
4318
2419
160
4307
99
283
2216
3835
4900
739
386
2698
1840
3736
468
2360
4095
2043
2356
241
2607
293
4860
3474
2181
3476
4447
52
1013
4937
3047
4278
528
3321
3696
2652
3769
671
913
3242
3580
674
742
4154
1145
2056
462
3806
1929
631
4958
2379
1034
