167
160
134
196
411
118
214
324
103
218
229
264
270
45
431
132
475
112
357
291
469
217
216
386
176
140
418
372
205
396
236
13
230
346
460
319
296
87
203
68
243
155
213
245
435
487
83
16
367
186
280
419
376
494
345
343
356
66
371
349
238
308
43
303
175
364
310
401
392
225
48
437
148
491
432
47
249
323
446
113
114
406
29
407
391
353
287
85
453
488
149
474
443
145
330
8
275
440
409
266
334
402
80
328
300
267
0
255
481
428
306
479
253
368
178
301
471
91
297
465
404
493
382
14
60
498
271
25
73
464
457
195
97
174
340
157
358
197
98
480
492
256
209
360
76
290
223
273
362
292
71
241
344
347
449
317
7
436
3
220
414
100
108
413
165
124
458
482
9
359
185
447
129
110
496
478
163
61
182
190
133
94
378
246
58
452
470
284
240
171
67
200
302
377
422
366
11
169
152
313
311
361
336
289
433
299
293
395
466
261
473
472
351
38
131
99
369
144
281
183
64
260
210
370
119
189
40
24
462
321
314
375
298
276
154
341
173
450
180
127
397
199
53
188
158
262
204
162
259
269
350
274
288
86
104
23
332
486
191
424
164
101
250
78
309
400
315
483
403
434
109
316
352
425
21
497
6
224
442
239
244
305
153
15
95
355
90
278
444
477
307
415
136
499
1
295
41
4
102
150
423
247
429
62
84
405
221
27
52
252
30
327
461
412
212
138
74
106
159
206
18
438
495
123
5
201
166
59
235
380
339
32
420
393
326
202
126
161
427
89
2
117
445
286
454
285
387
82
331
490
151
17
26
46
181
417
222
441
468
268
194
322
51
170
57
463
69
63
208
254
232
388
75
12
234
122
156
207
211
107
139
279
146
44
410
198
215
172
50
459
233
228
137
142
318
227
39
120
70
93
88
42
385
49
337
348
485
141
72
416
338
20
184
329
439
128
374
10
426
54
390
257
193
263
342
248
115
177
399
19
36
272
96
121
125
408
135
111
237
187
283
312
77
37
35
484
456
282
34
31
22
277
219
294
179
226
65
130
192
92
265
476
251
398
430
81
33
231
384
354
143
389
258
394
325
379
116
365
373
168
320
333
55
448
147
451
79
381
421
489
335
383
304
363
455
467
56
28
105
242
