911
3975
6761
8020
5379
7341
8778
1587
4364
7697
9443
9092
1378
289
6381
3182
4843
8029
377
571
3583
1584
8456
4048
8089
8267
5028
5325
7604
4594
7092
5776
5630
2481
4691
2578
4175
8155
4234
5012
5873
7424
4824
9415
5577
8039
3487
5732
9066
4606
7820
3304
4714
762
6582
2462
8532
8818
8638
4899
5401
5847
5053
5565
576
7096
4433
8208
1320
6731
9390
8310
3733
1436
7162
3987
6791
5334
2275
2986
3598
3951
3998
446
2183
2155
3323
2086
6980
6257
3744
9904
9035
548
8241
7993
7375
9932
3324
1536
3518
3359
7889
5085
8059
7764
9118
9452
4630
1459
988
7605
7052
411
8453
9514
5595
8653
2600
2055
8972
895
5486
8547
9181
3703
7085
5287
4718
3085
4878
4434
7036
1285
1939
9143
385
755
2377
1741
3726
8877
1711
1746
2682
6995
1204
1951
336
2405
5204
6778
7595
3134
5713
1423
8389
3630
250
6267
3519
2034
106
8228
9753
7916
5992
7782
7621
7446
5151
1296
2837
1589
7596
5342
7055
9611
847
5116
6795
6628
8049
7064
7033
125
5995
4162
7796
6842
4873
2450
8018
2893
4129
5149
8795
9107
6973
9172
7835
2957
6240
1782
3976
1573
2603
6487
8891
2012
2494
2270
3195
3167
3896
387
9987
4549
9924
259
1484
3267
3390
518
7493
3083
9797
736
1322
7745
5392
5418
9251
509
9238
6868
9085
9422
4298
3657
9336
2359
6535
9714
3395
4756
8670
7179
7485
5742
4387
7597
2892
4431
5640
6878
6538
2545
7536
92
2128
5686
144
6903
9533
5922
8566
7296
5806
1984
4322
1179
7237
6071
7934
6658
4808
2730
8911
9560
6750
4778
7208
7982
7980
2608
5857
9784
4215
6040
4233
3248
4744
7445
1649
4299
6104
8472
7199
9849
4841
6261
1475
57
3446
966
4642
2398
1777
9513
104
7343
9235
6400
5793
6272
9451
6100
6048
7890
7062
2765
8664
2477
7706
4703
8430
273
5245
5167
1655
3043
8770
9024
4961
8628
6076
63
7537
6893
6847
6719
2622
2081
6883
7730
9128
802
1868
4649
4305
7811
2389
1176
7591
4146
5207
5375
6178
2419
7123
286
9503
1122
2788
7712
360
2934
8755
4478
5201
8225
676
1891
7912
9201
8476
2438
4626
8960
1865
228
3617
9282
727
2970
9923
9999
3358
399
3899
2861
1572
247
9685
7484
7378
9586
6603
1093
7891
2554
7268
4208
6649
3892
4045
1121
9197
8864
2256
5585
2461
3603
2392
1199
6667
2961
5764
2530
8900
3906
7020
3365
1927
3785
2897
5935
2689
8045
4347
3662
9850
823
4474
2045
3273
7464
4564
2605
274
5335
8752
7750
2659
407
5628
2061
5099
2125
6030
1963
2680
6168
8169
2321
9946
8222
2403
5900
2775
8801
1797
1123
6279
8421
1458
1114
2038
3363
2744
1759
9515
329
212
6724
2152
9211
4637
2458
5184
9887
5741
7053
1062
9733
4866
4805
6224
65
4759
5613
3685
4536
8694
4667
232
8159
4327
4800
7161
7170
4635
1721
1464
2339
4352
7693
8669
3895
8154
5648
9620
9769
9647
1788
9520
5801
8724
607
4622
6583
5236
6335
6622
5988
4666
2486
9713
441
2571
8131
5181
2891
1151
6910
1626
6971
8645
2427
6410
3315
8530
3201
1743
9449
6978
8082
679
9642
1431
6436
4397
4185
8364
9858
8767
2263
2791
9565
3880
9359
3063
5627
9439
2500
2581
7471
1306
363
8361
9233
6675
2664
528
2777
8630
36
3797
7078
2360
4797
6337
5350
1704
9841
1541
5152
5773
1646
5063
9036
4052
367
9444
9765
439
3679
529
6324
458
8619
3241
4916
7708
7010
5619
8074
1018
1358
1926
1130
24
1433
6789
9762
4201
1162
1388
9518
3050
3480
176
7559
1054
1143
1339
4877
2749
2344
8497
7466
6144
9591
4142
9207
5663
3989
8164
6325
9099
5766
496
8057
243
488
1034
2902
645
3835
3582
6119
5301
7964
6331
8485
806
8247
7058
5415
7652
987
2565
2100
1911
8510
4246
9062
3990
3224
7757
9863
455
7362
6304
3346
8946
7715
7762
5989
7850
3264
1611
9171
5856
5711
7632
3184
7736
2395
1248
7147
4605
9447
2980
4226
5815
6938
5126
939
2332
5533
2217
9279
897
9305
4037
8144
3309
7492
1842
209
7051
1527
335
2121
139
4051
7646
7525
6447
7219
9802
7269
8761
6236
3321
559
1069
6623
8404
4494
3905
1161
4307
9884
2076
6561
4665
9934
1899
5386
4713
9330
563
306
742
4648
7283
2818
6987
2341
2691
4279
2918
2195
1819
5382
2587
923
4676
7247
9980
8760
8599
3765
1778
1998
2231
3394
7687
9246
9218
6635
2522
1471
219
8536
6607
8780
9373
469
4647
9767
8825
3335
285
3820
5307
7645
6443
9391
8528
1316
1258
1040
9836
6609
7929
5736
7242
5491
5448
4163
2105
771
1706
2446
9861
7231
8414
3600
2336
578
3381
1565
8478
2752
9324
3610
4006
4341
1898
5980
7857
484
4374
2698
15
7470
8917
4569
1116
6776
3918
6546
4540
4781
5698
7342
3036
8202
5967
5008
9909
3608
8590
9405
7546
4210
5809
7758
8276
1262
617
7701
568
3160
2211
8829
2677
2685
9759
4760
2140
907
5955
5796
7163
9019
4420
1156
9749
595
8551
1061
7704
2387
4858
3506
5701
4735
1390
3612
9505
3577
4614
8793
1639
6103
9718
4546
126
4675
6669
2656
8661
3145
2283
7046
389
1713
919
6070
1279
8935
8324
4823
8094
4008
6787
4743
814
9925
7086
1278
9881
9144
5511
7347
3486
238
896
5961
6007
8667
7436
4188
5331
9286
7855
9407
2279
2254
714
5621
62
4398
7689
6801
7328
564
181
424
1500
6061
6402
1961
8861
8773
2276
467
9562
2999
4794
2005
7338
497
9856
9687
5039
1966
2690
8043
6710
3693
6817
6150
1417
7088
783
6785
8696
1469
9089
6271
5866
8019
2049
9499
5240
778
1203
3456
7822
8113
1492
2292
9127
2692
1985
5132
2582
3499
6558
6429
9646
5855
8149
3773
675
7539
5284
6003
8939
357
2280
5971
1056
8736
4232
3645
9010
8507
717
4020
9697
6393
8231
9139
3470
4383
4883
7675
6892
5243
5380
9622
3867
4723
5685
9618
3016
3338
5288
226
9928
6361
2234
183
6096
6968
7751
5733
4227
7986
1533
8586
4918
2239
35
9964
983
8579
5021
1154
7396
2434
6479
7039
3605
5865
3529
5030
6162
1448
396
1986
5968
5314
2328
8608
2882
5413
3723
6765
4579
4096
1197
602
2472
8012
834
8922
3473
1783
7197
1904
516
1559
348
650
1593
1709
6280
5020
3467
1229
3009
6247
7274
790
6453
2260
9353
8860
8863
4367
7790
4265
4293
5472
9351
961
8037
4859
1618
6723
6199
8819
4463
3799
1683
8301
7236
1525
4746
7194
1252
6874
705
8681
4141
5548
8966
6863
632
2619
7590
1665
113
5056
3855
6308
3482
4104
2846
9764
4036
4942
7325
4353
1674
5300
869
3147
1186
8264
6506
2643
3836
6266
4568
4150
8060
3252
2641
677
5002
9966
4602
2300
6310
3962
8372
6927
150
4093
6637
6841
1925
7893
7290
485
3326
2410
3386
6597
8437
6725
6313
9346
6099
9953
9236
7043
7134
1107
855
5785
9508
6814
3333
3490
716
5112
4477
8894
2052
7313
1948
2996
4695
5355
8480
4585
6508
3694
3514
3221
6136
5564
4965
4075
7540
1506
1869
7106
8106
8771
2017
6363
6901
9343
6288
6273
8295
7679
2174
9058
3256
3636
5007
6900
4167
9945
5499
5656
4525
3767
7423
3997
4268
3279
5602
1637
6586
5023
2770
8365
7789
4640
2356
1455
7760
5407
6220
3204
9556
4615
2601
1160
9073
2627
8685
1724
6219
8215
6580
3952
4410
5356
5412
4314
2474
1736
1987
2099
2699
2493
6216
2890
8556
2200
3411
2823
9919
7309
4684
853
6829
128
2550
2091
1886
3790
7350
9026
3109
2262
3894
6438
8512
5828
2827
8598
6125
9162
5373
8073
1223
7838
6769
1677
2939
6880
2528
6023
466
4644
9943
1851
6757
4465
3643
3015
3945
3431
2143
9013
2928
3448
9672
1610
1757
3830
2201
7863
1489
3170
4390
5482
2226
6111
2584
2345
4079
9277
3337
1884
5029
8101
6832
5633
4128
4468
702
3592
3027
450
132
6738
3382
6153
5875
3124
1036
2508
837
147
7718
7880
8293
1282
2766
464
6428
9702
8920
5051
5077
6638
4385
1095
3538
4491
4147
9329
5450
3114
2684
2633
1735
7710
964
4669
8808
1588
860
3357
3436
8596
1756
6360
3234
8914
2035
6772
9481
9165
77
302
4702
7763
85
2374
5700
5735
6697
2367
9995
4127
7164
2337
8338
9370
1515
6771
1139
5867
8332
4952
86
303
9985
8921
1923
4059
2119
7276
6374
5044
723
4815
4025
9789
9037
600
8916
188
5888
423
8988
3186
5422
2773
9098
6472
666
3011
7093
7705
4908
8375
2178
3298
2021
9892
4378
2963
8906
2453
3668
5259
8156
427
49
1825
7994
9965
6986
6102
3026
7408
9347
9978
6282
2249
3281
5013
3917
2015
940
5514
947
1265
5405
9274
6837
656
8515
1959
8469
3757
3832
6835
7196
5353
8774
6449
2796
1003
6668
2141
7676
6000
7810
2620
1311
9794
8282
3878
4278
7463
5588
1829
4990
9084
7005
4734
465
4376
5927
4198
3322
1875
6853
6073
7285
1257
804
9042
4228
6434
7449
2285
7311
2185
6463
31
7671
5845
333
6424
686
8058
4598
2651
8665
3048
2319
6701
8187
4857
9838
1669
9149
9220
9735
6127
1871
7040
5559
3754
2537
8088
9927
3996
5303
4413
2952
972
3058
4926
5620
9281
1642
3567
8656
6230
5395
7740
6781
9105
4531
2849
9497
9651
1900
158
4515
9665
4998
1015
8014
9436
7738
2916
8684
9734
3585
1532
5566
101
5612
3004
1910
280
1397
7853
1476
6981
2080
8178
1341
7695
4121
3253
685
146
761
3202
8720
3611
6571
5825
7698
9043
5804
533
8648
6349
643
845
5022
750
901
6186
1195
6873
2512
2878
3683
1440
9871
1110
916
6161
7734
1149
1972
4991
8564
7927
157
4040
1816
7517
1890
1755
2471
7367
2417
8334
9478
8751
6752
4027
2887
419
2703
5639
2515
9594
6720
2709
4681
8181
557
1241
5960
2978
8804
4927
9543
1490
440
4306
3055
7707
674
3002
8980
1789
6662
754
9846
328
8929
2514
3101
2059
9573
2520
9772
1188
7233
955
888
1930
4697
6049
475
7932
6015
6350
8995
9495
629
8398
1941
1895
5278
8345
5526
993
7752
886
9828
877
3912
4966
5798
751
6291
1260
7151
252
1864
9322
3983
2371
5696
3368
3933
6711
5668
358
3853
3071
6082
3075
7988
5717
8388
9678
2384
558
7686
9950
6736
7952
579
5100
5241
8458
9855
7124
8216
7426
7541
4304
6054
2553
6450
7544
6999
7995
7065
9877
6565
9818
5213
6284
4596
2122
9418
493
2079
9458
1145
3164
821
6355
3677
68
3243
1327
3560
8256
3327
4544
5817
1383
5890
6382
6653
7433
2511
2408
9485
7583
8406
6685
1988
3422
6860
7935
7382
4223
1512
3056
9086
3648
7054
6699
8543
9243
99
8487
2362
3883
7169
6579
9297
4603
5238
5561
2303
9483
3591
7972
4062
8395
4654
2708
9193
7234
331
7016
9055
6312
5058
1647
9931
4885
5060
3833
9486
2459
9507
1955
4751
3864
9583
1873
5402
2476
1211
9160
8098
8534
334
3263
4303
4658
6018
4592
3090
6960
8718
2115
5505
3347
9635
828
7370
52
180
2095
9832
4092
7636
5899
218
3318
2287
3505
3843
921
9776
7214
6822
7418
8802
7843
1784
1246
7143
6559
9655
4432
9604
6194
3573
934
2423
3292
5727
4616
4706
2784
4082
8266
2190
549
7748
1663
9423
1272
2851
9195
9296
443
7567
9414
7529
1178
1810
4685
9891
2069
757
9087
417
822
9374
2455
7156
6671
4510
7497
3392
2612
9479
1856
7825
9715
2425
8798
5464
6445
850
4344
8576
2529
2375
6641
8172
7155
4422
4177
1457
5718
4755
8192
7726
6191
4200
7565
5438
7195
1767
1603
4816
4225
587
9584
3398
9065
1249
4492
4158
9595
3143
1712
866
365
75
6827
2938
6584
8898
3852
5931
6645
4793
6138
3379
5909
8886
884
4452
7496
3102
2568
9902
7524
7059
1524
567
95
2782
8607
298
6936
8140
5252
6735
3018
9994
9232
8560
6165
9557
9938
3743
1852
2232
8454
8565
5354
1608
5059
5918
7061
6767
4903
4836
3022
2353
2451
3305
7608
9658
1648
4573
2092
2701
9148
9570
4834
7737
3665
6688
2718
9493
2380
1561
3396
9593
5748
7235
7538
2588
699
5333
3589
3816
5833
8090
8998
6599
5153
9474
2753
2289
664
5948
1108
5510
9960
4169
1135
9908
1883
525
1220
2544
1609
8415
8243
6718
8836
4809
9426
565
9468
9462
9878
2266
483
8116
4509
6435
3105
8969
3681
5471
7168
1935
7936
8224
8348
1619
5226
405
1564
5541
4417
7324
4977
9307
523
8527
9209
6195
5906
2473
7849
5572
5416
8151
21
7924
3834
9380
6344
2831
5610
7453
4773
9614
3647
7920
9833
8207
9986
2676
3776
7301
585
7245
213
3842
87
4001
5740
8381
4244
9805
3080
1481
3207
5216
61
8055
8455
9314
2580
6084
2845
5507
764
5436
9977
5349
7184
2894
2402
3216
9671
9648
5328
3885
8118
5634
1302
438
155
6899
5929
5196
8493
5158
5761
1109
2557
2613
5835
5676
969
7371
6174
1705
5257
4173
985
5469
9700
1957
1855
1903
7521
3759
1216
2534
7440
5994
9721
4348
7255
2222
7907
8331
7574
4271
4000
7026
586
5528
2570
2787
9173
116
5808
5376
7099
8280
5493
6944
6616
261
1340
7774
7249
414
7270
9074
5938
6526
6213
1214
5332
5277
8069
6231
2629
5403
6043
9670
4620
1076
9917
1094
3544
8011
2361
7558
2373
8747
3028
7977
53
859
2187
8226
8594
5920
5769
8229
6441
4482
5163
2261
3850
5895
887
627
1916
7894
6422
3556
3006
2801
7644
4621
6006
283
7650
1751
8013
4963
2790
840
1263
4726
8141
6301
842
5110
5475
8505
2422
8179
4558
352
7966
2874
566
4480
6869
3527
999
3545
6867
7041
9300
1409
9498
4653
2599
6959
3212
5715
1142
9888
3936
3568
1022
6338
3911
4086
9707
6530
5642
3351
5757
6940
1217
3566
8692
6713
836
9189
1097
7861
5829
2611
9637
9147
406
2120
1539
6796
2555
3618
1411
8865
5844
5026
3095
9202
7866
4730
4690
1848
4109
7599
5265
915
193
3464
1309
1118
3089
349
5016
3362
4661
8722
818
9170
1284
6062
3057
1038
1803
4160
4799
6419
1708
6044
202
8157
4229
4944
3144
2022
8714
7983
7571
2102
1936
7012
6811
4490
7711
4498
4125
4597
2307
6039
3454
5294
1992
2543
3405
937
9188
2025
5600
6405
7027
4786
1956
4771
4989
3185
7585
8185
3155
2981
2984
4574
1739
9517
140
7553
521
9991
5667
269
4860
4436
6517
4050
4846
7640
6105
776
1896
3619
1758
7818
2751
4768
1243
4362
5934
3231
129
136
7833
5215
2058
5878
8725
2941
4853
6068
7919
7387
6416
8932
7458
27
7383
2465
2647
8257
2388
5669
8309
6154
7294
8700
6890
6972
1917
1602
3345
1446
3068
4705
315
6542
9378
7416
5770
6303
7348
5244
6634
8041
1164
9663
9206
1728
8644
6808
9807
3024
2513
4430
2067
7892
6353
8903
7798
1454
3435
2148
2075
2011
4972
8658
6862
2470
6179
2566
9793
2858
8526
1438
4764
4983
1849
6036
8007
3354
3599
4516
8232
4902
6009
3938
6657
6302
3839
7011
6815
4476
2236
5025
8218
37
1579
513
9339
5542
6656
9815
8223
1546
6712
5429
2786
5818
2192
4144
1452
6976
7641
371
8708
4241
8612
2311
2445
4316
6969
2437
361
3127
3774
3547
1827
3133
537
9550
2302
434
4692
6004
1356
2965
1136
4851
5406
893
2924
8790
1099
6124
2228
5518
7353
498
6568
5579
9221
16
1233
7807
8580
4276
9535
3391
9571
9519
2710
390
7634
5775
4852
8904
2695
1679
3054
7302
8383
3513
112
1261
254
8197
2209
4475
6806
9372
4416
9579
5348
201
6159
8994
812
5157
5345
5289
3715
2940
6748
6221
4514
4224
507
3017
9940
7724
7725
6090
1870
1995
678
3129
3225
6651
4739
3640
6905
4369
511
5831
4777
1729
4553
9897
5481
1643
609
7777
2842
6870
6991
5272
7823
5520
4528
7128
7615
4770
4487
6183
765
5606
9915
3301
2372
2066
2452
2149
2154
2468
6882
6528
7144
779
8148
1355
4505
7284
1822
2661
3959
8443
4483
3705
8278
8005
1259
3512
5574
8739
240
6596
4645
5580
5913
1307
4686
4333
2213
7882
5319
5434
1710
9137
2960
1997
5156
5576
9437
5404
785
7941
7616
8953
7490
6682
3374
5522
738
8079
599
9164
260
6121
3417
1571
5789
3629
6470
3698
7898
2501
182
2019
2596
2246
1426
5049
4980
2781
3979
6929
4577
5339
42
2126
1725
8021
4699
9745
970
2456
4161
8105
2743
7250
1276
3971
2166
263
3862
8022
1354
463
2958
9094
3700
9800
3535
3562
767
5694
2944
2687
2563
6260
2561
6756
135
6357
4530
7631
2006
5127
5161
2284
7791
2340
4454
5993
33
5524
7472
8176
2909
3719
48
8878
1008
339
1993
3555
3140
8627
9491
5011
9791
4203
9799
105
345
3752
4727
5129
1952
2030
9740
2173
3384
6825
5964
2562
5858
3584
6729
698
2992
8609
3932
2724
3949
6130
6753
5441
412
9690
2241
7506
9952
7881
4656
2096
3168
1245
933
6612
7699
3340
3909
163
9250
889
4100
4780
1325
7899
737
6035
3190
122
9972
4242
1041
7739
3826
8716
6488
5985
1945
1557
2607
5188
1298
8099
1606
8227
9276
5389
9574
9552
6654
1834
2182
624
495
6661
9548
9078
186
9060
5285
4258
6250
9217
8943
7557
3064
625
8826
598
8642
6228
931
4943
5684
7015
9408
4715
2396
6319
5352
9957
9040
603
2224
3532
532
1231
9039
6914
7137
962
967
1820
3716
5304
5050
6553
3260
4923
6866
9445
5198
5871
6189
9668
1867
8436
3117
3227
4863
7223
4359
6967
2205
9761
9664
1586
5527
7253
9079
7629
311
9639
5455
8603
3857
9555
7282
7969
2191
1324
965
4767
4073
190
2447
3699
4900
927
6664
6519
206
4882
8288
8617
426
7189
6024
4913
2363
3434
1044
8735
758
2844
9050
6034
9826
9873
4537
6098
4275
4461
3452
5135
1266
3978
8108
9756
4078
1120
3247
6912
4974
5820
7277
7535
1800
8907
642
8420
8841
9398
5036
731
5209
4054
4190
7275
9752
4745
5551
5466
378
6961
7918
1717
3811
7627
3564
3303
7867
8545
6093
160
2448
8905
166
6139
5432
2505
3927
6990
7494
9568
9489
8272
7486
5014
5279
9551
7322
2663
5445
4120
8400
6964
8602
9404
1051
1283
3385
294
478
9048
1680
3749
8887
5903
3409
5861
9703
8742
107
3223
5363
5171
3804
4513
9796
5225
8035
573
5346
2987
8188
3051
8111
7653
7944
1761
2745
9012
3183
7647
5399
4429
7239
6715
3193
6164
2085
3553
4835
7107
2829
7719
1410
491
3651
9754
200
5230
156
9403
9842
3131
8965
2048
5940
4239
9413
4116
4948
8652
2084
7971
6141
6259
6678
1200
6621
5784
8347
3988
5316
7949
8754
2343
4960
9156
6366
4638
3587
3210
6321
6234
5202
3255
7393
6294
2772
1403
3565
2113
6058
2436
8483
3806
2298
54
7176
5841
5738
2548
5168
6458
7593
1021
8239
3563
7722
4610
7735
6505
9186
3615
7115
692
4470
8062
524
4335
1080
8186
4748
3375
7876
2683
760
350
8065
6029
8162
9061
6346
1686
5953
9463
9951
2198
6056
4532
203
589
5996
2383
9033
8811
1377
5317
2675
444
1331
3944
6380
7756
4405
4221
8471
5088
9609
7721
8678
3782
3801
4969
5426
3421
1501
81
2975
3913
4214
9466
5614
8734
4035
5247
2199
9820
5170
7664
6716
9301
9129
5802
5959
5117
4887
2181
2811
6790
6409
5411
9215
3339
229
5544
6299
6749
3558
1413
8124
3348
2742
9488
594
4586
8899
9124
3552
8373
4560
3500
151
864
3919
5944
5914
4294
6834
2623
1878
6886
9135
8362
2532
1442
1147
5624
1267
4876
1106
7623
6433
982
4126
3934
2171
2962
4149
12
2865
3179
7812
7438
6385
9967
8831
2248
1700
4728
5714
7108
6525
8511
3999
6477
5018
2862
6552
7083
817
4145
3741
5575
6594
4098
2334
17
2925
2800
1096
5650
5192
9244
7813
2597
2399
4867
3266
9739
3722
9970
9572
5745
6556
4202
5881
2519
611
3062
7643
561
813
3667
5660
5323
708
8957
5763
6859
2351
7648
4317
3632
2123
1419
3621
2498
1315
9001
272
4411
5778
4628
6605
3196
1635
8120
1184
9310
3602
3708
8704
5879
9304
5826
4975
8521
2841
899
5832
6854
8740
5258
9311
6394
4643
5155
9899
19
3637
4184
6212
3994
428
3593
7611
990
5739
8901
1289
6478
844
9394
3769
9616
197
5571
6997
1052
7248
9227
728
7674
7072
1689
9106
8968
9100
8495
719
5863
1563
7028
6872
4732
9708
3199
2184
6132
4447
5217
7131
6051
649
5536
8706
4521
5488
2290
5256
5144
7080
6185
3312
2669
9704
4775
7159
1071
6850
3874
1238
2945
3269
6025
5222
9984
4506
4363
5302
7759
4950
941
7337
4802
6200
7264
8213
3288
2739
8762
2003
4716
2799
832
5381
5840
4418
4674
3521
5765
641
6079
4291
1769
4842
2813
3870
2927
8810
3928
2046
227
6652
4379
9057
447
4758
82
7522
2549
4671
8221
6014
9801
8360
3254
2176
88
4543
7659
5408
4612
7848
1159
4567
375
3709
908
7658
7336
7821
3074
4865
6970
7946
6922
8303
9229
7381
9569
8732
7947
527
6812
4971
2948
317
2487
3688
735
3735
9742
4459
1125
7320
8261
7177
8875
2093
8183
1928
6108
3332
2145
8277
6954
9641
9737
1230
8160
9538
4547
8168
7603
9234
4766
8137
7501
1556
8710
2008
6264
5351
9890
5803
7447
6368
5926
3496
1835
4962
6392
5214
2693
7846
7562
5516
7228
6245
6717
3586
8413
3886
4113
6318
9731
8032
2291
6118
2637
3814
9396
4996
6129
131
8429
4018
6802
6050
7271
3188
7696
1811
8269
6203
9675
5649
4323
4682
6511
6926
5889
4408
5677
1947
1636
3961
3444
9419
9914
7515
4356
4366
5729
6924
1063
3903
5433
7183
913
7491
5358
8262
968
6322
7100
6122
1189
1466
6696
7008
9222
347
6566
6426
8422
9440
9260
6734
9432
2636
6865
9332
1175
4870
1473
5670
257
1839
5591
9175
4311
9237
3228
7090
2499
5138
4575
432
9623
7903
1479
4552
9990
2268
4028
9045
7832
2803
6745
4211
6001
9295
6648
1180
9119
5492
8782
1734
3276
3498
9944
4194
9354
5193
8427
2901
3916
7345
6813
8284
1805
2974
9598
6979
6218
5228
8832
9701
8339
4016
9683
5296
1408
3066
7905
596
2158
8569
3031
402
2150
1429
3177
5490
5221
1182
9599
4660
4319
7800
9636
5923
2146
6673
1969
689
4953
4562
429
570
2594
831
6348
9830
4920
2109
4377
2936
9389
2678
3300
3609
1141
2988
108
9461
487
9542
4395
7754
3516
2368
4871
550
3245
7031
1907
7013
3690
1702
5038
8403
8575
4541
9430
1781
9111
13
4584
1518
5942
6339
2350
9916
9504
8721
6957
4753
6444
8359
1075
9382
9936
917
1268
5178
7262
284
305
431
793
2973
8553
9146
2577
314
7542
9145
7300
2175
9249
8286
97
2108
7651
846
3393
4911
7909
4737
4176
9482
1694
4155
1057
1357
7732
2531
4253
992
192
271
986
6440
8715
471
9895
8597
6367
4814
6742
3779
7101
1081
9265
3702
9968
1447
6949
9159
8051
6703
3891
8719
7860
5
6650
5850
8846
3118
1592
4135
3038
6457
8852
7095
4021
9827
9835
7188
6314
7973
8236
41
7568
9506
3658
103
7142
3100
4123
249
4415
4517
5534
174
4497
8689
5250
3876
782
9577
3973
8806
8356
8244
9121
5220
5219
7038
6176
2229
4891
938
1345
8402
7481
7222
2056
6807
4879
1657
3686
9677
2032
4827
4368
204
5641
3851
9484
854
8174
6930
4821
858
984
6160
5362
8702
4260
6679
7388
3546
9625
5623
8668
4469
3111
5327
9907
4247
5930
6406
8311
5758
5679
8587
9114
7723
2274
8934
3376
839
515
9056
7896
3139
3929
1601
3869
4282
7828
5160
1192
7638
9383
2872
4555
9582
5972
5080
4831
5523
8963
3076
8195
5877
4457
6113
3588
4193
7318
3727
1599
4165
5463
258
1718
9112
4892
9477
7928
8093
8323
4216
9886
3747
2713
6522
3258
6909
9921
5990
3807
3746
4112
2186
8827
5075
1077
6871
6919
8823
2309
8166
3731
4297
668
2070
8467
5460
4538
4829
4504
2728
4921
4370
3447
1101
8000
9694
8563
5091
2129
7781
1737
8418
6439
733
2971
5494
9825
8546
3039
1313
4180
2074
8712
7803
9779
5945
256
3302
7691
5854
4869
2053
8503
1333
8873
5512
2748
6578
1885
9865
2896
7976
3504
2317
8727
9410
3310
2071
1919
977
8434
4981
593
3236
6523
246
9777
3947
2355
470
9809
3730
6672
7473
838
1346
1043
9044
5443
4593
10
7213
5665
9464
8828
7868
914
8496
2469
5206
9540
8382
5180
849
1668
4273
2621
8682
3414
873
2460
494
2875
3049
952
912
4329
3663
6233
9918
3438
9939
1975
310
8103
4130
8385
7339
3070
6306
6481
1596
2628
301
5341
3788
5347
1483
5666
1687
7913
8504
7576
2843
1001
9564
1906
4709
3424
867
28
3815
3829
552
7110
6133
2288
7974
5251
1323
3596
6680
6452
8750
3115
3808
8158
6704
2614
1366
5470
7666
4068
2814
14
4925
3684
1555
3341
9581
5054
3401
876
1791
2457
623
2900
6175
5295
8621
8984
5790
637
1072
9168
5370
5876
9626
7999
8779
9269
5280
9082
6083
1962
5644
5165
7877
8817
797
7766
1042
5827
9662
7414
8950
3828
6952
6888
6
833
4822
9216
3284
3825
6347
8489
9400
5951
2479
4047
2282
400
5090
5970
3045
4601
9299
2828
9962
7369
3846
2696
5750
2104
376
4044
114
1453
4340
7747
2533
2848
1574
6364
373
4287
1082
2082
111
1929
7232
2007
9362
7207
2073
1837
7775
1308
2736
3081
8258
8517
7549
5910
6094
1137
9798
6375
7733
2764
6819
6775
2510
2060
5137
4710
5081
6655
9942
7218
6618
9712
9450
1269
9773
9416
8548
5678
1470
8408
7888
326
1748
2157
3065
5691
1239
6404
9501
4951
4106
4623
9113
6010
9808
9716
6114
7149
2342
9729
5977
9142
8234
2002
5868
5047
4212
9213
9996
4765
4206
7577
3539
7265
9280
9883
5105
2660
6916
7317
1545
2650
1697
3465
5589
5177
900
590
2040
1304
9371
3859
9384
1765
8072
8616
7112
2252
8850
6017
2065
2206
1529
7441
6170
8285
6180
1630
8529
8784
604
8379
3921
25
3173
5208
3425
9947
1754
6249
133
1944
3172
8629
8451
3449
1416
872
2729
6016
5162
8792
7960
9247
5189
383
7670
4157
69
393
7455
4266
4324
1793
8893
3649
4529
6293
9821
7620
7692
9360
3818
5057
5061
1146
9790
6237
2036
2147
421
6833
4959
7105
4285
7865
453
4828
7352
6591
8460
1273
2822
5590
1158
3249
2482
2325
1387
2506
8930
6915
1553
6430
7120
4090
5728
5586
3890
5467
7066
1088
9047
199
2333
7344
2700
5558
8622
6708
330
320
3408
6826
6774
4578
2087
5459
3023
4512
64
6889
9696
4382
8030
3572
1970
6352
989
1534
5966
5211
4550
3156
7509
3457
1543
1046
4094
9853
3575
2907
7668
6754
9864
4646
9893
6512
4428
6770
3935
5187
7097
9471
8052
8979
9331
1371
6611
7204
7397
3428
4659
6373
2227
8255
6896
8541
6379
7961
6031
7278
7729
2242
9592
415
6898
6897
3476
6204
7279
7908
7022
5027
6786
7386
5743
5032
8061
7389
6270
805
4936
7555
4704
6925
5546
1029
7978
5709
8501
709
3687
7769
7132
9034
3777
6072
4396
5310
3672
1427
8152
4099
1872
3404
9547
2440
3863
747
6521
3226
4613
2793
2688
7435
6906
6243
5797
6494
4248
1802
2832
2223
9810
1912
8986
6544
1830
8494
3052
2267
2518
287
7534
773
661
1817
687
3860
7364
794
9069
6012
879
2272
8913
9880
8835
8800
8611
610
9523
2220
8796
7475
6462
4524
2033
1847
264
9256
9303
9954
2444
4174
6843
9633
2635
5043
3293
6206
2976
7742
2630
2638
9317
6974
134
4336
9425
6110
1931
6454
4425
4183
5218
9587
7578
8892
8340
5394
1002
9285
868
5583
1131
1544
5535
5421
2194
5477
6188
2935
9219
2805
3429
8008
6531
2202
5338
4518
5513
8615
3762
4837
222
660
9133
3692
380
1319
3203
8840
3046
9898
8881
759
9526
8731
2836
7307
9239
7731
6075
1745
8805
9600
3106
7121
1000
9266
998
4088
9959
9110
6461
1552
7840
1359
6509
7067
9981
8633
1509
3907
8394
194
3581
1850
1468
4182
3294
7598
8319
3468
3407
8776
7098
3803
3053
2754
7612
4868
8971
2253
4283
2740
3240
6089
4072
3180
9854
8354
2354
374
3714
9205
726
7126
6762
9015
5911
1760
6274
3613
4005
7963
8341
2255
8787
3316
4312
7075
8741
6476
8908
3635
5045
9834
5232
6166
3740
1226
6798
342
3413
8961
1980
8595
1451
7089
3594
815
2163
1542
4254
3387
9511
2768
8374
2923
2767
5195
1394
1277
2376
3805
9848
4791
1444
9717
1242
5799
5891
4320
1012
492
2825
9180
9333
6610
7462
781
6684
1393
1033
1395
4295
7771
6518
6117
6937
9178
8554
8632
1167
8122
5440
9744
6920
3958
1641
3982
6503
575
1744
7550
6455
5643
4947
7212
5442
9000
6214
4533
6665
30
6804
1832
1673
1401
9027
8659
7141
662
7252
3738
8023
7295
6589
8777
3141
7289
5337
1580
3372
6155
9138
3410
4439
7373
3873
2323
4280
4973
2873
7563
4296
5223
4071
9536
3289
1714
98
5983
118
3450
560
9223
6377
681
8889
479
5912
2207
3763
7547
8289
7226
4013
9561
2654
9291
369
2467
6235
408
6773
535
5782
4818
5254
8542
8490
5478
8392
2854
5581
928
2349
663
4393
3923
7767
9287
8409
1292
6063
710
1691
4779
1030
4236
2072
2624
7714
9657
5267
3620
7014
8391
2492
2013
6483
6794
1531
6543
6520
3812
1187
6831
3000
1568
4907
2867
6602
546
4548
5506
6156
826
2929
354
9191
6545
3817
5853
763
1256
2567
2244
2393
6290
1098
605
7897
3412
5731
7996
4166
505
6956
2763
3616
3087
234
7483
472
4250
8417
2747
1064
1235
5848
5071
9132
5431
2135
8268
9580
382
6442
9388
7931
7001
2009
5842
2853
6167
9597
6759
7937
7498
6420
7021
8574
7527
7917
4941
6891
355
6152
9385
7460
1113
4437
9645
7624
2930
9469
1016
3103
5824
9080
8859
26
3206
7407
1499
3455
8928
640
2552
9029
827
4769
1720
7925
4861
9053
6106
4019
5183
7308
5094
3791
943
3502
695
1202
2956
3291
8765
7452
9814
1407
2106
7256
959
6630
7171
3239
4238
8290
9709
3462
6721
7970
1228
638
9983
4375
8357
3093
7802
2257
7508
6983
1119
6047
2491
8135
5625
7826
7280
5024
5369
9141
5298
2575
7806
7842
7104
9872
5393
7281
220
8848
3008
936
9262
9997
3497
8217
5569
161
8405
7081
1027
9669
9615
2914
4365
9059
1353
9911
1723
2429
6173
7372
4332
3920
3151
4855
6415
8468
4905
6281
7512
7193
5622
3213
8428
1940
5647
7138
5458
1914
4589
9530
506
9456
1549
9136
4023
2409
5485
4343
76
2667
6052
8219
5921
3524
9348
1921
3197
1770
7331
8583
3492
9386
1144
7303
1084
5318
1028
7413
7955
7875
422
2937
3985
1661
3768
6002
545
6239
3902
420
4002
1361
2658
6788
4979
8948
6474
4445
3984
2776
9361
8620
5311
7335
1415
1010
7451
6691
541
3474
6692
5699
7573
7887
1472
798
1526
522
7663
4292
1889
476
6246
9661
169
5424
7954
3150
4140
1887
5109
5291
7948
5068
9064
3650
924
9294
6292
8624
553
5553
696
9963
4081
1877
9509
8033
4462
810
5095
5249
4639
2
6253
971
5969
9003
6423
5004
1392
7801
7442
9601
4400
6733
4937
8847
8535
6633
4004
3536
5880
4664
5655
8352
6601
265
725
622
1208
5336
9719
6425
8410
3755
4915
7074
5040
1497
5812
3623
3268
267
9212
4076
413
9049
7795
2139
1773
3176
5365
3931
1719
1482
5224
4103
5297
8728
4118
1297
8482
7660
4101
5113
9041
9152
7841
5427
3597
991
1441
2731
7432
59
3082
8514
6513
1169
651
2994
743
1425
5343
8759
2869
539
4346
6828
9077
1389
8068
8604
2439
2177
3968
9267
4471
2251
7584
9420
8672
2295
7391
8165
4673
6693
5391
9628
5437
3107
3433
4893
2779
9308
4407
9839
4230
4331
6803
857
6116
8251
6345
1640
7682
1334
7032
6112
8292
8380
2413
2212
1913
8139
1843
6370
554
6252
7272
9054
9502
5962
142
38
5753
2816
7519
6562
4235
7765
332
8205
4825
1251
7728
2898
1860
5122
8671
8250
6296
7606
5420
7024
7068
2517
2386
5367
6254
8854
5896
2329
6123
8807
712
2365
5720
3295
5501
2727
4012
791
5015
1391
1270
9184
6468
4138
7394
7922
3122
7667
4168
9255
8634
2525
7997
863
5312
8270
1342
2112
5174
1508
6695
3783
4309
1826
953
9955
6931
1487
4195
4290
5468
1978
2726
2771
8639
1006
1255
3940
6575
8699
4270
2133
980
6197
555
4604
3495
2877
8523
3639
5710
9151
9567
3399
715
8500
8726
410
3403
2391
7904
2674
4010
1461
165
7785
4949
9516
4931
1247
5268
4752
1650
7263
7404
3766
1976
7564
3205
6564
3753
3550
3675
5084
7575
9532
3557
5274
1516
6149
170
626
9993
9352
8481
8425
5726
3641
4257
3342
6706
9659
6913
6330
8085
6255
5592
8809
6265
9930
4003
1486
8549
9429
7135
1644
66
7617
8962
3974
9433
8539
6362
3956
9258
7216
3041
5371
4992
3344
5933
8926
9411
3530
9975
8540
6097
1112
3157
4007
994
7989
3887
205
7146
2795
8499
4939
4328
4041
91
2433
1478
2870
8322
1129
3571
3364
7260
8129
2903
3025
8193
4110
8833
8600
8397
8450
2225
9364
2649
4650
2558
7778
6977
7870
4754
6323
7206
7753
3761
8803
8799
5388
7329
8177
7678
7034
5562
9163
93
8102
5901
9862
6953
6227
2673
8010
9284
1787
7357
7776
4955
2382
9667
7244
530
4901
5452
2320
6855
8519
807
880
6059
3311
4489
6499
4046
3877
4789
3479
7883
9610
1742
4500
2639
7076
2610
2156
5975
3570
732
3542
8249
1740
9711
435
3091
7910
50
2666
8853
5368
2714
874
8031
2991
6008
3725
3748
7006
7943
7581
2304
4534
729
6849
1792
671
9576
851
8199
3334
1598
2238
8153
3904
5384
3503
79
3644
2812
7613
5598
3666
1166
8271
362
6244
8307
1491
245
9912
6489
6567
7586
8040
8557
1402
6258
5611
9476
1005
7351
3427
7886
5946
1271
6554
1420
9885
1991
4330
2504
8333
8552
6011
9781
654
3772
2721
8377
2083
6677
3005
2277
6332
4849
416
3734
5957
2850
2421
7700
613
7827
3676
2672
5083
6643
5453
2314
7837
4243
5142
1949
7513
6490
9441
3838
8947
2953
7117
9115
2406
3515
8036
3780
6342
1581
9602
1019
5599
745
9014
730
1488
9312
6285
9867
4124
1055
1894
8880
2535
2028
6529
741
3367
3472
7443
7314
4466
1699
3116
8245
1960
648
4114
9313
6473
2931
2964
8918
9875
7570
1798
1004
8666
862
6830
4252
5902
454
3271
8844
2426
4022
5917
2381
6398
4721
3543
1807
6283
6527
3154
4761
7048
8794
3511
6746
6793
4015
2442
8279
8211
468
5762
7395
1876
6169
890
2756
8816
1575
6877
1909
6384
6666
3113
4479
4473
3604
3481
2364
5229
1727
5760
6022
8003
8316
1981
6948
5593
3510
1510
1731
1621
409
7990
3020
4795
9016
4154
3218
6604
316
9956
6182
6486
7592
7017
9613
5092
6698
1288
3042
6262
9097
5500
2847
7094
2802
3319
6315
6887
9454
6459
4427
8589
4493
8066
2172
7582
2652
2809
338
8618
1615
22
1140
1035
5495
8473
3369
2606
1690
1858
1812
4472
9692
4063
7847
8015
74
9725
6269
1738
9230
8204
7940
4724
500
5705
3798
7953
8987
8822
397
5451
6550
8075
3325
2167
4080
8054
542
2657
9318
3350
606
795
9738
707
8874
3461
231
8146
4481
3442
8508
9334
7489
1083
9813
7286
1813
6222
4357
9926
7
8593
5326
4507
4720
7797
4392
1240
6800
7545
766
7572
6642
772
5615
1996
3865
5852
6763
6779
5662
9406
5646
8351
8038
6242
8567
2838
2871
2646
9973
799
1328
4289
337
6613
5883
9679
4792
7792
9108
1105
3181
3580
5390
9795
1634
8506
7267
3229
8189
3710
3112
5282
5269
9660
123
6196
195
7409
5037
2538
2715
997
8171
473
7618
7637
5130
7717
5626
2720
8214
6585
1222
1124
6027
6460
1058
3813
2352
2821
8758
4039
4722
8432
8991
7175
8138
3097
5166
8959
1026
4502
9775
8336
3163
8951
8274
720
9453
1286
5136
6491
4009
7025
4804
2997
1954
9876
1631
752
235
4967
768
3265
4338
9529
5150
4930
7507
5066
3963
80
5476
6625
7258
6608
5503
4607
8424
9989
3262
3165
9155
1384
2142
8498
1498
8910
1310
6557
8112
7478
3034
748
3330
8568
3960
1651
2524
5292
1065
7035
6768
7743
3030
551
5932
3047
7358
6820
6799
9778
8581
4886
5839
963
9245
531
4889
9240
1790
2609
5005
8837
3370
8834
4964
2985
3380
1971
1474
3523
2098
4053
2982
2412
5635
5943
7402
1893
6456
8870
5781
820
644
7872
6414
3739
4811
6539
9320
5246
2312
3232
5383
1924
4381
7552
1818
7023
2118
4619
4284
6659
3868
1181
1881
1424
3729
6192
2264
9837
2441
8812
6569
1833
1374
148
1372
8766
8746
8327
9326
7431
5531
4315
786
8110
109
2968
9350
3001
6432
1275
3073
3522
5573
3540
3794
5521
3574
5730
2385
196
6028
7504
2420
2018
9824
1747
1287
8083
6378
4030
1190
4668
8975
8109
769
1127
9653
3953
4451
6172
5107
6755
391
5974
2116
6358
9363
8390
8300
5419
7340
266
7217
6163
9438
3981
4134
6587
7819
6298
5134
5603
5200
418
1844
631
1032
6475
5991
9289
7467
1068
6471
8438
8325
2204
1039
4065
4444
4441
9631
6943
1194
1191
3077
6020
9177
4091
2712
4355
9460
9624
6619
7019
2114
5582
2210
8350
7594
6629
4631
9869
905
6446
9196
8026
4788
7809
173
1660
277
9185
9544
6088
8933
4409
4896
6207
7178
8550
9306
8775
8919
6730
6417
4844
4807
9894
3764
5131
634
4636
9093
2760
4845
9131
2824
425
5248
2589
536
5479
7614
6989
2560
1193
5795
7744
3426
9417
1502
8134
7376
5719
1540
4566
756
4957
5125
5925
7992
9067
4881
517
9525
9409
7884
6726
282
6277
8883
2920
9401
4912
6962
3854
8733
1675
5547
2759
1503
8209
9743
7437
6895
4932
9816
4657
1583
4460
4539
4196
8871
5530
6848
8643
244
1696
9187
6617
957
2010
1090
7363
1688
2817
1771
3014
3897
5787
9448
1174
7817
171
3021
2899
5811
9722
8713
1667
6620
7145
7316
7938
3831
442
1396
4
9257
4249
3331
9563
1312
7257
4633
8369
3528
9253
2697
4624
8592
8194
110
3525
6411
4679
8737
4115
3955
4894
6593
1349
7434
1550
1300
540
3893
5721
2737
6942
8502
882
4424
2466
2496
2188
368
7425
6614
6037
2604
1085
456
4442
7874
3758
2308
1537
3950
4856
6792
9375
945
2418
3003
2769
322
381
636
1493
207
9116
2247
4187
3778
9231
8516
5688
2694
6396
6858
8613
6307
9154
300
5874
1232
6911
5276
8570
2830
3352
7548
6857
2299
1370
8025
7326
7291
8464
5683
100
9002
4803
4576
7330
4909
5814
3578
8558
5078
6966
2221
3840
4108
3901
499
9843
8242
9589
3162
6928
3079
8486
5055
8614
8996
1786
5638
4337
6187
5607
3925
1633
3847
8876
9998
4832
8993
2593
6563
3590
4446
2860
2301
4680
870
5823
616
504
2967
8191
3200
2542
308
6836
6078
187
5271
658
5140
8525
8184
635
894
1025
4984
7288
2707
7680
9293
4156
2370
9023
9130
5976
930
388
3789
2401
8990
4864
448
8983
1775
9874
5584
4448
3654
370
9264
2331
2233
5928
8788
1938
932
3040
8027
7921
3251
5320
1815
2559
1237
9785
1654
7428
403
4137
7211
9621
6502
9689
8161
6933
9365
5372
3320
5483
11
6229
4171
2881
386
6722
9724
7987
6950
233
8240
9387
6908
2068
4074
1007
2031
3724
5532
7727
7981
2161
7315
4986
3844
6845
270
6466
9393
3882
5552
1418
8981
3711
808
6209
7187
673
4089
7543
2230
3713
7930
5708
3453
4342
8509
4401
9682
9298
7510
8531
5321
8411
5387
4264
1350
1351
5033
2203
70
2574
8931
1726
8343
296
1045
697
9758
7950
3142
5489
4406
1155
7243
4131
9554
6086
7293
1023
5031
4151
8046
1305
1888
7551
8785
3493
8842
1422
5139
4207
1664
5629
9710
1749
9806
4698
3824
6065
9226
8283
3278
8872
2136
47
9020
3771
4625
325
6965
9882
5097
3146
8128
7939
3793
5101
460
5704
9101
8626
3914
281
4066
2495
7984
2124
2042
1522
34
8698
856
8646
7429
7192
481
29
6533
1614
6690
8238
1666
1254
9720
1126
4267
1168
8623
4995
130
2888
7657
5253
6390
9979
1294
8533
3900
3343
974
7477
9728
6372
353
9553
3488
8977
4670
3061
198
2670
4813
1616
1804
2919
670
9278
7900
885
8435
3858
7173
5792
7831
4542
8687
2026
9829
9844
8974
3494
6181
6333
4209
8585
9134
7181
8820
5897
8709
8387
6670
3209
2618
5377
3222
3460
633
5872
46
2103
3037
1905
8386
3013
9190
3977
5106
216
1024
6876
9268
9261
7030
4938
6223
8555
4634
2507
7122
3655
1332
262
6782
4763
9640
2679
9857
6534
1428
3728
8384
8009
4917
3627
2435
9357
6092
4077
4170
9905
1920
5837
3531
6541
4910
3477
2037
5687
9643
975
9327
7635
9527
9358
8203
4361
7355
1632
8299
9727
4848
2859
7816
309
3992
5724
918
7018
7625
7755
3638
8329
7133
1766
3796
6570
9792
9606
9323
8401
3489
8304
7779
8912
1170
5425
3941
8849
9619
4122
9241
8703
4032
3187
8097
7851
8056
6238
7390
5114
556
652
1707
4288
8170
6741
7003
2488
6057
1299
1218
5702
168
477
5199
6087
2926
1253
9803
8635
5560
746
9634
4683
9070
4339
6681
143
6497
770
2023
9822
2541
2489
9612
2478
7933
2170
621
1594
5707
6275
4711
4838
8318
3827
5006
8479
7566
7405
5065
5716
2979
780
2014
9088
7306
9771
9649
1330
6217
2972
6401
3601
120
3458
3533
3437
7240
3306
6846
3033
4450
9018
9271
2318
3166
3634
1578
4412
4652
6492
4380
5264
2415
1768
8925
4817
8764
9900
8330
3930
1567
5998
6403
1213
9531
6171
8064
45
9176
8749
6300
5309
8048
572
8748
1047
4310
2780
5190
4662
3626
3943
665
9596
2792
9345
4693
6540
6548
2330
4688
788
5398
5979
3541
5374
3841
4997
4784
5176
3787
5941
9071
6921
9302
4819
4520
5457
6856
8640
9522
1344
3673
6581
6480
5076
6861
7182
7814
5887
3270
1897
4148
7681
2815
7360
7786
5330
2324
4152
3328
646
3400
6115
2977
8924
5636
5430
5070
4132
2834
1845
8997
5601
4850
8890
5173
811
1862
5009
2064
8867
5794
6032
8291
6879
7495
8078
6902
4302
4087
279
1198
1607
9866
5821
6904
4438
4033
8150
8717
4153
3507
3993
1623
5194
6631
3250
5474
5000
1264
8423
1600
2216
2640
5786
1548
946
9971
4888
8491
1622
159
8024
8367
4782
5862
7784
2722
2127
4456
145
4455
4029
9958
8544
4747
9705
3361
1244
3383
6840
8273
8212
878
2497
255
5594
8302
5487
5067
5870
7157
4522
6615
4453
6060
2863
8358
9397
8173
5454
2910
1439
5290
591
9666
7607
718
8071
9969
1360
395
8095
2826
6317
5864
90
9446
490
7720
7071
2153
1846
7654
224
1915
9140
824
3285
8294
7334
8447
7385
5519
8938
7959
7991
9889
7985
1785
6838
4011
580
7057
3088
5359
6389
9283
4256
7224
3169
981
2835
883
2797
9603
6074
789
9412
5805
9748
7333
3856
8182
6683
5737
2758
8813
9030
3889
2681
3646
4523
1450
3966
9344
1280
2404
1434
2490
3098
1087
1443
7709
7852
5999
9747
6894
4618
9961
8964
5121
8705
119
3356
8625
2866
6055
6955
4038
8559
5905
185
7082
7979
8744
7114
8723
8462
9288
1445
8253
7783
291
5982
1172
2379
1722
7227
9166
7140
5672
8130
1092
8104
4862
8768
4978
4263
1656
351
4070
3136
6309
8233
7029
4904
1435
73
7230
7951
4617
4102
6598
8882
4017
1808
8631
601
1821
2057
7063
2966
9726
84
9052
5396
7805
9860
8676
569
9988
7091
83
6134
5159
8591
7770
6101
1138
3631
6205
3192
5637
7871
7514
2273
830
1703
875
7165
8484
7201
8763
5119
8100
1566
9392
2947
9228
1701
3508
6918
3915
4313
2738
3554
451
2922
7958
2016
5017
7523
3130
5749
6975
2959
8127
5529
5179
1535
9210
1201
3954
5103
9428
6676
1733
6241
304
8426
1400
973
9379
9376
6126
6547
7079
5212
7287
5768
4609
6501
4488
5315
5744
4929
8220
8002
6033
1795
7968
9028
2051
3246
2316
9455
5261
582
1882
4064
1672
9673
3802
5255
9650
2943
3215
8086
6705
902
4388
3132
2454
9457
903
167
4237
512
6784
1337
7600
2348
18
4107
1303
239
5498
4508
2808
8573
614
588
2576
9366
8675
5543
4587
2523
346
1517
5965
3178
5515
6005
4191
8884
4219
5884
8355
5756
7392
5102
6777
6576
4830
2761
6809
8895
2989
7259
8845
2449
1406
115
2041
3995
4826
1456
9
5838
1078
276
4985
5340
4057
9150
2702
9342
6077
4717
8662
4199
8856
6524
9157
6560
4928
8265
5497
3718
2547
3549
9076
1104
7102
5779
1153
7384
5098
6500
1551
3622
6142
4159
9910
6516
4958
7511
2138
630
5846
3517
1050
288
3120
7673
1658
4067
7118
4262
3418
2969
6399
534
1523
3135
5904
6496
4031
5517
6268
6852
8145
8463
7609
2990
2704
8306
8815
4708
8107
4719
4987
2648
9847
5810
4954
6727
2592
5146
9341
688
3459
9017
307
1225
4274
1111
2789
124
3275
1399
6211
297
8637
3501
486
1115
214
8449
5308
906
7002
7298
4994
4484
6095
5286
9199
8879
2197
7229
2430
5133
8649
9081
7683
4787
7469
5774
6875
2716
4590
9768
3355
5631
9051
4334
4240
4527
5545
3072
7056
8147
8081
8538
5210
3483
2950
4389
5680
816
7160
7399
8132
7047
1364
6884
7000
7319
1066
2416
2556
7127
5984
1293
3420
9920
9315
825
1227
9167
1570
8976
1693
5203
7878
7368
995
343
5096
1857
6728
8200
4565
8346
3866
5169
2719
803
5690
5423
9109
6694
8897
1779
6482
3110
56
4757
9750
5754
1974
1460
1772
9741
3198
6289
4707
7113
1560
9153
8992
3821
6190
2050
6988
3032
6140
680
2983
6251
9381
1854
4556
2394
8745
1994
3261
5283
3706
9259
3084
1942
3819
5734
1338
5651
7862
3415
178
1695
9698
5072
9699
5915
9242
5755
8053
94
2644
1221
6107
942
7060
2998
4345
8308
437
4694
3126
5540
3969
3211
7885
7139
9654
9465
4999
1780
1
2906
1838
4386
2258
9528
2443
1799
6947
2240
960
3861
4373
7130
8123
5480
6536
9691
3478
8198
4847
459
89
1335
1318
3898
1682
2995
6823
5777
58
2810
1505
4117
8654
2094
4736
6737
177
3290
7191
8690
8125
3669
6145
9804
1823
619
3696
461
1982
2400
5227
9183
1207
7153
7516
242
8136
7459
4880
8063
1494
6081
7261
8757
4570
1462
8578
1880
1385
293
2475
5597
5089
724
6021
1933
3432
9431
6041
1379
9480
2424
8431
6465
4970
2208
7967
2921
3148
1806
8756
2723
1538
5305
612
2804
9309
4687
7482
8190
341
1625
8121
3313
1053
7488
3908
8237
639
9652
3491
5410
9896
9949
9340
9487
9275
4940
3423
8167
8697
6743
221
6157
3784
5147
9760
8440
5978
7419
8838
2536
6797
8537
1836
1521
6934
2189
6388
8349
6549
9125
9588
2655
9870
5360
7761
4261
3439
510
1380
704
7439
9770
8407
8488
3967
6359
7628
4220
8605
8260
4189
9459
44
1301
9290
3526
9851
8050
9063
4599
5086
1530
5937
9500
3751
5465
191
4384
4696
7749
6109
295
3194
7356
6660
6588
8096
179
162
3299
7044
2259
2885
1577
920
433
8248
653
1764
1326
1613
2879
5747
7174
7180
3161
1670
7505
6689
6311
3149
404
8298
2193
3214
2774
3691
2485
1219
1901
9617
5108
1776
8680
6686
6326
3297
4192
1676
7957
7589
7111
1750
7403
1449
3274
1605
4833
1973
5145
5435
3463
39
4055
2717
8954
8941
3520
922
6395
9263
7070
6939
956
8378
1049
6336
1989
3946
4854
138
6327
9521
583
7942
9524
948
1653
9421
5046
2634
4213
8885
6573
8686
3509
5849
4419
8923
4582
9751
6091
4181
2855
102
3871
7202
7873
7502
7200
6202
7587
9182
9845
6371
1762
4301
3217
6636
7804
8353
3471
4588
1612
7103
7901
2297
394
7420
7642
9496
9123
9746
1362
2598
2509
2527
7661
2110
8419
9680
8641
5185
9607
2951
2151
8091
6821
2915
5281
4790
4105
5908
9823
6354
1892
8693
711
8399
4097
5706
6555
5164
3416
7854
4325
7669
1629
584
597
5632
3010
3970
8967
929
7915
3108
164
5313
7037
4414
5859
1576
6766
7220
6606
9982
9174
1290
8
3991
5725
7241
8180
9787
430
8114
3
3653
4561
6739
2463
2346
6085
3419
2271
701
6137
4772
8080
852
4689
2933
694
9537
32
5780
9004
657
6128
141
9992
2706
4495
8797
925
8314
8982
1774
9126
8337
7829
5898
8230
3548
713
8457
7312
9335
5893
1274
2615
3272
327
5791
2237
3674
6210
4595
7824
8610
5473
3756
1979
3378
5508
6365
6881
1369
6624
5813
910
6917
7923
4945
7406
2631
6038
7069
78
7879
1185
237
544
7119
9686
6510
9038
4535
7945
2819
6046
5661
6263
4776
4259
7746
7148
3800
5563
5746
7601
2913
514
5118
7531
121
2798
6574
1908
2572
5605
9549
2955
9096
9272
5329
321
5172
2502
4526
8326
8729
5703
9941
8843
8281
9046
3067
7186
7602
8475
8017
2090
1831
3007
9786
9852
2306
3096
7662
5886
4875
8439
935
5830
6674
9427
5907
5554
8821
8679
2407
1814
398
5681
2327
722
1967
8562
1659
8465
4919
4085
8999
1365
7859
3128
1165
8001
4551
9627
5041
9811
865
225
8448
3314
6992
3402
7864
7476
3104
7379
2645
7251
3230
8839
1950
340
1060
5148
9122
775
4922
7799
3792
9780
1965
117
4946
543
1348
2785
2746
6644
7158
3537
9068
2165
8650
8044
3534
344
6945
5073
2868
7203
9774
6316
9472
3624
1585
9632
7461
5205
7858
7716
3035
9090
1134
6994
6067
1562
703
2735
3152
5723
4583
5697
1513
519
3980
3485
8738
2411
7685
2378
2315
9399
4976
7815
7468
7246
7205
7185
1569
996
8781
2642
3682
9788
7116
4143
2755
3720
2503
9473
175
7166
4501
9319
1437
9629
2734
9104
7087
6982
1946
7349
5042
5609
2626
4677
8442
2024
1317
5695
1196
7694
2245
520
9812
5293
5128
5819
6276
8830
4742
4272
5378
2169
9492
2130
4812
5712
6810
9976
1511
8561
8772
904
7622
6595
1210
2322
9434
898
3282
2946
7869
5604
6408
1009
6702
9194
1932
1627
5428
6700
3119
5987
0
5997
7839
67
4499
1958
8902
6232
3171
949
8235
7221
1990
6805
6278
51
5509
55
5751
8888
3926
3153
5568
9470
6386
248
4651
8263
5834
9435
7772
7354
5836
6816
5052
4426
5111
8252
313
6256
9783
3208
6839
2464
7480
6248
8513
9032
6421
6151
4572
796
8956
8433
9169
1999
1496
5556
8657
7962
2569
3060
2905
7499
6042
6532
1430
1977
618
5504
6507
2632
3721
7808
5074
8210
5947
4897
2783
8087
4798
5239
2585
620
5266
6451
9467
3389
9075
8492
7500
9224
4349
6590
7895
2039
7430
7520
6996
9161
3237
7129
9510
3366
5538
6572
5653
562
9948
2101
5986
1421
2004
2807
8344
2625
8936
8342
3559
7656
8006
372
608
7084
40
4026
7410
8077
210
7266
3656
2088
700
1840
4749
5952
6286
8636
8651
292
2397
693
2235
1373
6935
5963
6026
5141
1879
5104
1347
9103
9559
9011
3576
1463
5772
1070
2326
7633
7042
3660
7225
6504
1236
734
5120
2590
8855
8588
1465
9546
9684
2132
5618
1163
6640
5771
9200
7619
5447
2159
8945
3737
2573
4024
8942
6437
7415
5882
6993
2540
6193
6343
6760
2908
23
8313
5035
4034
9377
1382
3397
4503
5759
4557
2296
9732
2077
1381
6639
2889
3371
5082
8791
4785
1866
6407
4391
1519
9091
3059
9292
9158
6287
5692
3697
4205
7150
1681
6340
5462
6747
5414
6907
1011
2134
4111
5578
3336
7569
152
6053
8034
1514
7530
2265
4993
683
5299
6958
2880
1079
7684
6069
8572
9608
7077
5484
9605
9006
7421
6413
3732
4197
2097
5682
7007
2583
7554
1352
7479
7198
4056
6851
1495
951
4884
1363
2089
4486
7639
5673
3595
1343
8461
1828
2029
1937
7474
1753
5752
8814
3430
72
9736
2347
774
9933
8989
7323
1086
9688
7703
2750
9903
9338
647
6963
1841
154
6751
3625
526
706
2313
3614
8163
3174
690
9859
9273
8711
8927
8396
8522
2526
8952
9252
3441
2047
5860
7556
5186
2390
2757
944
3606
2546
1590
3633
1212
1604
3742
4762
4840
7254
5869
1074
9817
4245
3579
6844
1922
3137
9368
547
6998
3607
1480
3786
7366
7411
5242
4435
2294
7702
7299
7528
3388
7448
2278
6498
7533
2305
8730
6469
819
5400
1102
3296
2293
2705
1368
581
1132
5182
4733
672
8647
9782
6297
2168
5664
4179
8376
7588
1014
8677
6464
8869
2917
3837
4172
6045
4796
4741
9254
1477
5197
9674
2521
1520
6663
2243
379
9558
5344
1485
1591
1183
2281
9901
6714
8584
7045
3445
7167
8958
7834
8944
2338
7998
6941
5658
538
2480
3760
682
1685
8582
5956
8028
2137
7450
954
6783
6744
137
275
7465
1794
628
4255
4581
7677
2001
8857
9025
3689
1763
5235
4898
364
20
3123
4467
2794
5093
6647
577
1031
7672
1073
8606
9248
4286
2551
3924
7398
5596
4403
7359
4308
5306
1250
9367
8452
909
5555
7400
2883
4731
861
462
1432
6225
4982
1624
1367
253
5439
9906
2483
4729
1953
2063
7412
4423
2179
4591
4350
2671
2993
691
9270
5115
9695
5143
8206
7630
3099
3242
2358
215
9402
5273
2027
5456
6484
4712
4519
6985
4139
2857
2335
4458
2000
7665
9204
8370
9512
1067
777
3736
8444
6984
4629
5461
9935
4058
3795
172
9325
8142
7209
9590
8335
749
2164
2911
3121
1678
8824
1628
3469
8601
7210
6305
5062
1414
4874
2078
8321
1017
5689
3809
4136
8196
1295
2539
9766
892
7626
3986
6740
1558
4600
7688
1715
4069
5034
5783
4988
1171
5322
4632
3235
1281
3277
3233
2668
4935
2653
5894
6120
5916
236
9757
1037
3745
4399
2839
8691
3440
6646
3360
3910
7787
7374
7009
501
3280
1964
8470
8366
6064
1547
508
2369
1752
2357
9117
6177
153
489
7836
5275
8949
4740
1934
5954
1684
5919
5260
299
9355
5385
208
3125
4559
324
6147
7401
1732
3373
127
6467
6818
1314
3551
9723
4464
4095
4554
6013
5233
7332
9095
4700
2886
2062
9083
3770
2949
9638
5693
3942
7310
8655
978
2820
8789
5652
5587
6341
2250
9203
9328
3329
3349
6592
667
3939
3138
740
7304
4222
4627
6387
7050
2366
4358
9225
1405
753
5924
4360
2904
1874
8042
4372
3286
1671
9922
7215
4277
7172
4014
7793
5958
1398
9005
6184
881
9198
2895
1234
8371
2218
8955
3964
3189
6707
2310
9208
1662
5003
3678
7768
3661
1582
9369
5263
3670
3712
2884
2428
6687
290
7830
6923
319
8368
4496
7125
2484
251
4890
5645
721
1809
1507
8115
5361
7926
6383
5675
7911
7136
4933
7365
2725
3159
787
6148
7457
184
9545
8175
615
3972
4924
4043
5366
5234
3957
2286
8701
792
3822
1638
1103
6334
848
809
8673
5409
3707
2020
2054
2876
312
6066
5767
7794
2432
843
4956
9681
7273
6295
2414
8466
6632
684
3628
323
5449
5973
7190
8445
7305
4774
5807
4186
1089
7845
4443
4164
4914
5324
4738
6495
5397
4806
5722
5892
4571
3283
7377
1386
1117
71
8016
5539
6412
3937
8477
2932
7292
9102
801
2732
5019
3466
3191
2665
9120
8287
8851
217
3642
9490
3965
5446
5537
2431
482
8896
6448
2219
5175
3078
3307
3875
8076
891
6600
1918
7610
8317
4318
6226
7152
9644
3561
6201
3475
9424
5617
2564
436
4300
8683
6932
9349
2131
3810
8769
480
359
3406
1291
592
9676
3092
7532
2586
366
1698
5851
3287
2215
5654
4084
3353
4060
3094
457
2617
8786
8446
7361
3244
5237
9630
5444
8259
449
9494
4402
8978
9022
4906
2160
1376
8328
669
2516
5417
744
6328
5364
6951
6485
4269
3257
8753
4061
9937
7004
6493
1329
2111
4783
3750
3872
9879
871
4678
2196
1173
4545
3238
9021
4449
5231
2686
1902
5124
4511
3451
2741
5525
6758
7956
3845
1336
6764
9539
7297
1968
1020
9840
211
60
5550
356
8868
2942
8524
7238
9656
9442
3029
8133
655
9831
6131
4750
1152
1205
1157
1595
4801
5123
96
9356
3012
4895
3701
2912
5671
4563
2269
4641
8320
6626
4810
6351
7526
8866
4231
4083
2778
9730
8315
3717
1375
3652
8275
3849
6709
2856
800
3158
9321
6369
8909
7422
6198
8119
4934
8577
1617
7975
1048
223
5657
43
7327
7487
7380
6019
8070
1504
7417
1796
474
3664
4968
318
8970
7444
6551
9009
503
7773
6864
401
8084
2043
6208
3086
8663
5567
268
5816
6080
1321
1467
7906
6135
9192
926
1150
8067
5087
3888
1943
8858
9566
4820
5885
8393
6824
6431
2733
7690
4404
1692
5154
7741
5822
8743
2162
9763
5981
1224
6627
1133
7649
9693
4672
1983
9214
7965
5357
189
6418
841
4725
5949
2591
6780
7154
1013
2180
1209
452
6329
9929
3848
3259
4421
392
7503
1128
9475
3881
9913
9585
5010
8126
278
5069
3671
2662
3175
6320
8092
4204
3377
3884
5496
5270
8143
4178
7579
1404
8201
1412
3704
3219
1620
8047
2711
3220
4580
8571
7561
8004
2616
659
4663
7580
5079
9706
1863
4354
3922
4351
7321
5674
1554
4701
739
3069
1645
8660
6391
2579
4049
5939
4839
6215
4440
5950
2833
7427
2044
384
9008
5262
3317
6146
1215
5800
7844
5936
8862
4326
8412
9575
8695
7456
5843
5048
8783
2595
1091
8707
2852
8441
4872
8915
7109
979
1716
9534
8518
2107
3695
6397
5001
9007
1528
3019
6885
4218
4281
9755
9031
2954
4611
7560
2840
8520
9819
3680
9316
1597
5549
5557
8937
9395
4251
958
9868
2117
6427
2864
8117
2214
3879
6946
230
5788
6537
7780
6514
829
8297
4608
4042
1824
1148
9578
7073
5064
4655
149
835
2762
9337
784
3659
9072
7788
976
8416
1859
5608
1801
8674
8973
3044
3443
2602
241
3569
1100
3823
7346
3781
5502
950
4485
6158
6515
5659
8296
8940
1059
574
1853
7902
7713
8312
8363
6356
9541
8474
7655
445
3484
5570
8305
4217
3775
4119
3948
6143
8985
7856
6577
8688
7454
6732
5191
4133
1730
8254
5616
4321
8459
1652
4394
7518
6376
3308
2806
1177
502
9974
9179
1861
2144
7914
7049
4371
8246
1206
