1878
1947
1972
1689
1921
1593
1389
1830
1300
1757
1962
1260
1992
1384
1621
1608
1367
1836
1784
1996
1235
1440
1960
1641
1333
1388
1900
1730
1002
1370
1800
1290
1535
1312
1963
1973
1281
1690
1075
1597
1331
1612
1355
1494
1934
1143
1773
1121
1271
1552
1246
1660
1845
1949
1377
1299
1860
1523
1318
1856
1905
1748
1234
1215
1513
1114
1532
1375
1550
1120
1160
1132
1941
1502
1607
1664
1994
1643
1061
1568
1224
1408
1427
1453
1507
1976
1066
1242
1999
1766
1716
1763
1677
1105
1303
1585
1033
1654
1517
1396
1693
1088
1637
1953
1233
1788
1219
1198
1741
1908
1719
1758
1549
1090
1069
1044
1339
1029
1079
1898
1296
1869
1865
1663
1754
1890
1390
1826
1666
1174
1910
1569
1027
1072
1584
1688
1721
1650
1006
1070
1669
1452
1811
1049
1627
1526
1742
1068
1814
1600
1438
1589
1065
1640
1332
1844
1682
1516
1490
1480
1244
1349
1777
1819
1247
1327
1611
1935
1573
1344
1875
1959
1444
1951
1922
1930
1142
1031
1667
1353
1697
1459
1670
1274
1269
1373
1521
1268
1662
1036
1847
1064
1425
1117
1343
1368
1166
1445
1432
1273
1210
1834
1211
1541
1920
1383
1449
1871
1040
1537
1118
1863
1679
1010
1012
1009
1651
1288
1270
1747
1728
1182
1255
1751
1676
1724
1582
1620
1768
1422
1220
1104
1086
1626
1283
1338
1358
1862
1969
1770
1591
1292
1901
1810
1497
1711
1685
1217
1991
1158
1129
1409
1695
1944
1506
1909
1477
1904
1032
1096
1525
1412
1145
1817
1528
1391
1527
1806
1212
1278
1736
1887
1565
1575
1019
1533
1709
1671
1915
1052
1435
1414
1519
1501
1003
1017
1187
1298
1397
1647
1330
1610
1430
1340
1509
1058
1987
1405
1323
1511
1110
1473
1441
1264
1451
1874
1574
1760
1872
1133
1181
1744
1321
1508
1931
1402
1376
1615
1316
1554
1317
1474
1556
1876
1139
1557
1018
1083
1715
1977
1599
1122
1701
1841
1581
1564
1240
1968
1320
1731
1056
1206
1485
1702
1515
1347
1495
1639
1566
1035
1861
1248
1798
1137
1304
1580
1965
1842
1598
1634
1213
1293
1252
1392
1463
1362
1053
1722
1577
1753
1786
1801
1314
1699
1572
1609
1668
1956
1394
1130
1971
1673
1418
1057
1163
1808
1207
1222
1311
1100
1357
1911
1708
1655
1579
1431
1223
1539
1084
1979
1986
1188
1561
1261
1325
1918
1073
1780
1413
1351
1738
1990
1586
1694
1230
1838
1335
1884
1534
1113
1886
1302
1214
1354
1853
1071
1055
1277
1493
1822
1778
1547
1923
1975
1813
1767
1411
1380
1672
1136
1888
1008
1087
1578
1732
1334
1197
1868
1524
1902
1739
1381
1146
1588
1989
1149
1680
1881
1802
1372
1447
1570
1078
1652
1062
1205
1630
1867
1080
1717
1442
1500
1184
1793
1624
1289
1460
1342
1787
1186
1386
1428
1385
1047
1094
1001
1196
1659
1034
1426
1232
1046
1200
1286
1245
1981
1692
1190
1928
1024
1749
1176
1043
1476
1684
1462
1329
1779
1636
1153
1704
1698
1475
1540
1016
1674
1945
1752
1846
1545
1815
1295
1284
1551
1602
1628
1952
1675
1356
1258
1398
1827
1486
1883
1456
1272
1658
1478
1419
1467
1201
1783
1266
1632
1282
1074
1939
1369
1849
1115
1816
1785
1421
1635
1265
1124
1924
1555
1518
1782
1926
1457
1085
1885
1892
1406
1020
1039
1361
1927
1050
1138
1119
1713
1154
1167
1489
1310
1893
1005
1437
1147
1257
1858
1141
1546
1150
1007
1775
1082
1936
1307
1929
1648
1843
1718
1829
1108
1239
1623
1195
1365
1604
1014
1203
1112
1622
1045
1859
1737
1305
1374
1825
1341
1458
1429
1417
1193
1899
1548
1263
1596
1051
1729
1059
1346
1821
1209
1982
1946
1216
1021
1313
1835
1542
1933
1416
1294
1382
1616
1479
1337
1530
1000
1308
1746
1423
1657
1364
1455
1301
1938
1363
1322
1324
1360
1759
1067
1164
1520
1595
1789
1192
1199
1619
1943
1144
1228
1917
1855
1948
1966
1880
1243
1866
1443
1740
1912
1998
1645
1178
1140
1631
1877
1720
1168
1054
1932
1873
1725
1644
1280
1183
1030
1857
1103
1107
1179
1157
1387
1937
1077
1958
1543
1076
1790
1434
1470
1102
1985
1916
1823
1805
1466
1703
1850
1251
1512
1617
1063
1126
1765
1285
1809
1653
1194
1496
1227
1037
1743
1700
1204
1762
1567
1950
1891
1914
1997
1840
1625
1913
1967
1483
1015
1761
1306
1726
1723
1156
1896
1797
1988
1155
1433
1098
1498
1218
1407
1879
1576
1250
1371
1319
1092
1487
1851
1464
1309
1848
1735
1345
1756
1755
1448
1267
1882
1471
1170
1894
1241
1903
1093
1022
1060
1165
1940
1895
1538
1249
1279
1925
1025
1794
1465
1907
1011
1148
1461
1366
1415
1696
1983
1559
1403
1202
1964
1771
1712
1404
1350
1468
1038
1603
1028
1656
1750
1961
1536
1820
1606
1439
1131
1601
1315
1348
1544
1776
1472
1649
1023
1173
1833
1185
1326
1225
1400
1484
1837
1254
1919
1503
1812
1399
1189
1256
1159
1099
1482
1253
1134
1111
1681
1352
1818
1446
1592
1095
1529
1727
1116
1297
1828
1864
1106
1734
1424
1379
1807
1678
1590
1791
1955
1042
1594
1401
1560
1531
1642
1004
1687
1420
1514
1795
1125
1824
1505
1764
1563
1954
1097
1980
1127
1831
1633
1906
1852
1942
1772
1276
1275
1571
1450
1957
1162
1897
1208
1151
1796
1613
1226
1492
1152
1135
1504
1562
1686
1229
1109
1488
1291
1161
1854
1522
1171
1706
1481
1237
1646
1978
1638
1804
1410
1665
1553
1172
1169
1048
1393
1710
1792
1259
1799
1123
1101
1026
1469
1984
1803
1691
1993
1491
1128
1558
1970
1089
1041
1336
1661
1287
1454
1583
1238
1707
1614
1683
1745
1705
1191
1359
1081
1733
1499
1605
1781
1889
1231
1974
1091
1629
1236
1328
1177
1618
1221
1587
1175
1995
1013
1180
1436
1714
1839
1510
1378
1262
1769
1395
1832
1870
1774
1409
1330
1328
1969
1776
1315
1189
1001
1760
1020
1928
1856
1336
1894
1461
1436
1579
1332
1802
1247
1434
1046
1130
1017
1165
1619
1816
1537
1110
1270
1657
1581
1437
1652
1922
1779
1797
1900
1396
1298
1661
1385
1281
1815
1049
1669
1066
1405
1740
1635
1555
1975
1465
1783
1209
1401
1809
1814
1051
1325
1940
1935
1512
1771
1978
1196
1930
1491
1147
1094
1766
1441
1304
1551
1306
1875
1958
1300
1148
1342
1678
1965
1750
1241
1260
1687
1819
1418
1782
1718
1323
1853
1821
1601
1902
1630
1887
1144
1462
1796
1377
1990
1227
1406
1184
1131
1369
1699
1674
1513
1210
1238
1841
1600
1987
1587
1917
1141
1781
1373
1545
1835
1063
1171
1408
1355
1833
1378
1651
1000
1618
1609
1811
1794
1162
1998
1489
1019
1904
1074
1257
1142
1352
1346
1469
1311
1158
1077
1454
1122
1327
1899
1538
1673
1805
1983
1192
1390
1863
1229
1641
1416
1392
1170
1672
1829
1146
1115
1364
1497
1517
1883
1384
1095
1357
1243
1473
1061
1403
1261
1507
1532
1733
1648
1727
1522
1830
1058
1747
1788
1286
1127
1984
1054
1519
1040
1303
1088
1728
1828
1688
1173
1910
1143
1033
1526
1421
1073
1510
1389
1391
1486
1944
1754
1029
1255
1412
1644
1232
1310
1534
1374
1400
1118
1296
1289
1837
1589
1068
1795
1764
1999
1945
1234
1825
1996
1166
1951
1801
1758
1485
1236
1700
1313
1530
1453
1511
1250
1916
1379
1622
1183
1087
1800
1266
1845
1503
1737
1716
1638
1464
1679
1977
1701
1936
1443
1683
1091
1607
1457
1429
1870
1785
1205
1696
1629
1484
1643
1556
1502
1160
1667
1376
1072
1694
1717
1912
1477
1446
1225
1879
1124
1254
1176
1627
1514
1288
1018
1527
1926
1360
1976
1214
1685
1174
1852
1528
1186
1784
1518
1947
1946
1078
1617
1846
1599
1646
1992
1854
1277
1426
1744
1901
1154
1880
1752
1948
1468
1097
1394
1671
1366
1388
1463
1920
1466
1472
1636
1612
1345
1903
1290
1804
1025
1082
1488
1267
1105
1834
1113
1246
1233
1893
1970
1981
1037
1002
1335
1813
1557
1963
1280
1028
1035
1481
1235
1838
1337
1753
1476
1150
1259
1057
1868
1467
1076
1415
1566
1490
1756
1370
1907
1399
1084
1961
1055
1036
1691
1677
1353
1974
1575
1588
1119
1693
1098
1305
1208
1145
1749
1584
1768
1411
1414
1499
1081
1573
1470
1207
1425
1496
1957
1955
1048
1531
1982
1302
1291
1402
1103
1268
1123
1071
1774
1458
1083
1021
1734
1139
1964
1248
1249
1052
1670
1152
1645
1960
1450
1435
1226
1175
1702
1792
1867
1937
1182
1410
1822
1849
1334
1109
1720
1275
1620
1371
1576
1240
1085
1898
1452
1985
1582
1312
1540
1242
1777
1585
1735
1790
1997
1769
1611
1865
1656
1347
1525
1541
1743
1553
1451
1292
1665
1197
1404
1748
1855
1596
1218
1089
1480
1593
1832
1284
1775
1610
1839
1725
1876
1550
1569
1080
1521
1075
1895
1420
1546
1896
1164
1444
1574
1070
1120
1181
1989
1890
1140
1056
1642
1798
1299
1892
1322
1755
1448
1831
1560
1217
1707
1044
1995
1329
1351
1681
1220
1993
1445
1043
1100
1358
1765
1230
1539
1586
1193
1228
1397
1675
1680
1583
1316
1125
1031
1187
1516
1590
1013
1003
1770
1966
1038
1423
1447
1543
1914
1433
1155
1222
1179
1710
1640
1442
1780
1007
1283
1567
1634
1613
1308
1195
1117
1715
1135
1264
1714
1382
1422
1905
1368
1231
1276
1807
1211
1252
1872
1030
1650
1010
1050
1356
1739
1861
1159
1932
1954
1859
1201
1637
1535
1857
1602
1219
1913
1215
1129
1042
1580
1136
1705
1850
1761
1654
1112
1128
1387
1980
1367
1565
1349
1639
1309
1615
1092
1697
1062
1908
1348
1064
1111
1456
1763
1626
1721
1799
1372
1340
1185
1350
1204
1542
1341
1878
1432
1194
1407
1107
1931
1413
1381
1319
1509
1924
1942
1874
1877
1826
1191
1134
1695
1915
1295
1934
1471
1778
1133
1520
1004
1430
1431
1524
1090
1022
1163
1359
1745
1789
1265
1086
1156
1438
1548
1827
1909
1365
1331
1053
1060
1101
1419
1383
1632
1689
1354
1848
1741
1375
1237
1559
1884
1206
1213
1866
1093
1888
1605
1660
1096
1190
1253
1889
1169
1274
1500
1203
1079
1684
1498
1962
1455
1631
1762
1492
1245
1263
1005
1686
1709
1911
1919
1698
1479
1933
1817
1818
1929
1508
1823
1897
1279
1151
1563
1706
1604
1722
1023
1664
1860
1216
1282
1417
1628
1625
1603
1224
1324
1723
1881
1493
1161
1009
1180
1991
1011
1138
1921
1157
1032
1398
1746
1616
1027
1988
1836
1757
1024
1568
1256
1808
1362
1653
1552
1278
1065
1708
1592
1561
1810
1067
1482
1577
1244
1427
1321
1732
1271
1871
1843
1986
1791
1806
1941
1724
1014
1578
1212
1925
1668
1221
1864
1239
1570
1547
1006
1168
1045
1614
1572
1395
1474
1008
1882
1126
1393
1979
1106
1338
1320
1475
1326
1793
1662
1223
1562
1137
1515
1059
1285
1523
1959
1885
1851
1597
1862
1424
1440
1858
1621
1598
1177
1564
1938
1719
1439
1972
1132
1297
1314
1262
1840
1943
1690
1891
1711
1554
1842
1386
1114
1704
1459
1307
1772
1536
1380
1751
1039
1478
1847
1658
1188
1494
1258
1803
1501
1606
1294
1571
1199
1549
1682
1730
1939
1949
1116
1950
1026
1786
1015
1202
1343
1333
1844
1676
1659
1767
1487
1953
1149
1647
1820
1200
1594
1505
1824
1906
1198
1973
1016
1731
1923
1595
1787
1703
1918
1759
1361
1729
1558
1251
1069
1449
1873
1273
1649
1544
1287
1293
1736
1363
1812
1633
1968
1591
1041
1318
1506
1886
1712
1167
1624
1102
1172
1108
1726
1344
1495
1099
1272
1339
1666
1153
1012
1269
1927
1971
1967
1623
1956
1994
1742
1952
1773
1504
1608
1655
1692
1034
1738
1460
1533
1869
1121
1529
1104
1178
1483
1713
1047
1428
1663
1301
1317
