370
672
1702
1635
335
366
527
42
1275
491
35
1153
577
1519
173
50
39
840
311
859
792
1458
235
1454
931
1548
1825
1824
1342
1785
1201
395
353
172
190
1233
292
438
1846
1728
1529
410
1285
719
1526
1198
88
1922
1486
1791
272
1247
901
947
122
1854
330
1985
454
817
1990
965
1238
1034
1411
1462
1645
513
205
255
1827
737
62
1258
1111
1273
465
867
1576
891
881
467
731
344
380
512
955
499
431
0
1941
164
1000
210
367
869
722
822
1214
1064
1723
1430
4
759
364
100
1732
798
948
1244
257
1241
929
1753
20
1667
495
13
914
340
738
1812
1850
1240
632
1202
1706
37
32
754
1742
845
1072
946
592
1296
15
1553
679
1432
43
1257
388
1880
446
1235
1393
1140
1863
668
1650
519
1596
1137
384
318
1268
705
1872
501
1114
1926
1027
247
1627
262
872
666
1842
1739
1165
87
967
89
1612
1698
535
1656
1141
689
879
585
1807
1905
61
1614
1397
1565
728
987
1516
1416
1618
382
416
621
377
889
1942
1224
733
1634
30
1648
1015
1220
744
1865
69
1921
342
563
188
992
1745
732
1748
239
1062
789
1542
1305
423
266
580
59
444
750
970
1945
1776
1551
880
582
692
684
1821
1636
1901
1147
1401
522
1074
558
19
1987
1705
351
356
283
846
421
1093
166
1545
1712
80
489
1245
439
44
312
1894
135
105
387
819
1524
1917
640
480
1261
1170
1855
1575
458
850
171
656
191
182
1562
1885
1981
394
1265
1853
1792
664
1793
1055
686
224
1020
46
691
1216
403
343
437
1279
1227
1144
1191
109
805
933
455
65
474
839
493
113
405
1477
1104
204
505
658
1963
950
10
86
1456
1929
1336
1610
606
1641
1070
1978
773
220
516
804
40
145
221
309
1386
659
1313
376
368
1156
9
18
841
267
1601
1997
1203
326
1649
1606
1011
1447
796
151
1175
1212
488
1578
1629
14
1759
1484
1830
720
1594
1663
868
1192
1950
1995
158
1237
278
1029
1287
1590
1734
1935
938
1982
520
1013
1151
1429
1711
1004
1098
701
1539
304
1988
1434
1459
1795
1337
832
199
681
1334
642
251
379
791
1443
45
389
706
1149
1451
864
1276
1694
1851
1902
1882
1944
1510
1674
1852
1359
1008
338
124
492
1472
121
996
1673
954
607
542
1082
1861
1417
1683
206
1348
131
453
556
136
1102
1045
1719
742
1143
381
1914
289
393
325
1834
1136
1003
1370
154
837
1219
1579
647
1609
1932
341
1307
288
1290
265
1879
674
442
460
281
924
1095
636
1862
383
97
1585
1488
1171
1431
141
49
1503
1971
322
1436
814
256
64
308
915
207
1690
623
1499
1089
695
594
1408
1007
1366
1229
1511
1972
3
1321
420
1090
1360
1496
1619
468
928
1775
1752
825
1961
1316
991
1345
176
702
75
1666
1442
434
925
1297
1660
126
1325
639
990
793
1588
504
1270
301
214
102
175
461
413
985
762
482
1684
1168
905
1570
1421
922
1540
1523
611
1687
988
52
973
998
291
1992
1907
1002
984
1504
503
1498
1415
159
1913
1073
1873
651
1155
1577
1246
1764
324
1406
54
485
153
1989
440
1965
1437
1382
1883
25
1463
723
1659
1512
1691
1621
1113
1347
1164
653
555
1520
1709
1779
778
528
1729
213
1400
331
1464
133
144
1092
745
1558
1188
473
1018
581
1536
463
517
1444
622
378
536
1561
1039
735
833
399
680
1602
1033
1571
1754
16
411
1060
1107
1500
1671
920
417
276
971
497
99
909
511
1035
441
1651
1973
1881
757
1223
374
245
1197
1088
1874
1491
47
910
1677
1172
564
269
215
445
1119
24
1217
977
986
746
1195
1041
1061
1361
317
1778
1124
1735
1466
369
775
329
1489
1308
972
874
77
185
300
1479
1179
597
699
1030
724
644
769
502
1367
828
1005
1903
838
1703
1428
1643
693
1422
848
1019
784
1293
5
118
1388
1132
1181
613
1299
1632
1365
1481
1608
1803
1747
609
1315
1994
1806
22
1768
1912
877
1843
1108
812
1166
1281
1286
1322
578
923
974
1163
1557
629
834
148
1531
83
259
1714
649
1546
142
112
197
1664
336
1438
1256
800
1599
231
601
149
1231
1326
117
1301
873
765
861
1016
698
554
409
1493
169
1784
912
1954
1518
1569
600
234
673
562
729
1975
1640
818
1369
1482
1280
978
1103
1986
1176
756
1710
543
964
576
1595
1079
1947
1277
498
70
1332
1979
1343
1135
1816
183
155
852
725
181
966
132
591
1291
638
1722
1341
1213
1923
1448
1532
1600
284
1053
362
1794
1058
961
1317
163
56
813
357
1249
1180
807
1898
1808
1288
2
1931
652
682
676
1242
1445
1467
1622
1478
810
815
937
1815
1760
91
212
785
372
777
8
657
1414
525
227
1159
1304
496
1638
1
1077
1933
1959
546
645
1471
1410
1193
1109
836
1021
521
1624
1841
250
27
1209
349
1497
1810
93
1890
782
297
566
223
1028
1167
328
1502
1228
263
1611
195
1840
494
1707
615
313
913
997
1294
1206
1679
547
1335
286
1331
1403
1767
1394
776
829
414
1470
530
908
249
1146
475
386
76
932
1105
603
809
1234
1207
1581
1556
1864
222
157
1871
264
1133
1658
1185
1292
1668
532
1589
1298
903
352
907
233
358
820
1927
774
1094
1899
515
1970
641
779
1490
303
1866
703
675
483
1603
360
1646
407
180
1967
590
1936
1783
1715
1383
518
821
1818
739
1328
1593
830
470
627
1949
1384
1787
1123
1352
690
1786
1633
1251
253
806
429
260
1379
1951
1284
1655
1642
826
1559
989
478
299
1796
508
1943
406
390
1721
1886
1657
661
319
226
55
1311
551
1278
934
660
1117
1353
1535
236
229
1955
700
958
1980
1534
11
1790
129
315
875
882
1323
139
1910
557
1425
823
1390
1798
730
748
1924
243
92
1178
1832
1295
1788
1043
1856
1121
981
1075
583
1169
193
1653
1509
1358
1605
1225
1026
392
755
1654
167
1737
1528
671
1672
60
1939
944
1218
147
960
604
1327
240
28
734
1662
1439
165
1597
1749
534
1145
1538
1814
802
763
571
538
1465
561
780
71
1789
479
1996
941
396
1426
1550
1324
397
1025
203
506
298
1822
1835
1877
811
906
1083
1521
862
1652
128
275
209
1067
31
1616
507
1100
1868
1183
375
146
484
1918
177
1266
683
1809
893
1940
1647
956
894
1820
1303
892
1495
391
1362
1765
242
1604
1099
1282
106
1572
1435
1262
849
1269
1302
816
586
951
747
1974
1494
1473
1617
626
1036
1226
241
1457
1763
1695
993
1040
1200
1543
1031
1210
1131
433
1801
1837
711
565
831
1085
878
1701
1685
1688
120
1402
1182
714
936
1958
273
1263
1389
533
74
1908
715
926
1847
469
435
448
1048
1196
143
430
1385
111
1375
58
942
7
162
347
526
1338
1460
1692
302
1984
1042
1915
1339
1427
1009
1948
238
6
95
1037
500
1399
359
772
428
1587
1977
1919
107
1267
1084
1716
787
1630
1724
1112
127
593
1376
888
1911
1232
1071
1573
736
1527
116
94
1904
293
710
1128
354
472
1781
36
940
1032
790
270
1274
1758
200
842
935
827
665
1129
1404
783
1813
1731
1598
939
1925
707
865
1817
1938
1515
1097
696
625
1957
237
808
1120
12
749
1122
1230
588
1761
228
192
560
767
1142
540
1150
1533
1372
794
648
1248
1187
1264
1689
1740
1091
670
599
179
896
1744
1857
1797
1204
130
871
708
995
574
1126
1329
1584
198
1669
1215
1774
1661
1592
1591
949
1675
1208
1773
1567
1380
419
635
876
572
631
1333
1174
1012
1038
697
400
1446
1260
447
274
1474
1130
1916
771
1044
553
1772
963
1956
1160
1398
579
608
280
616
333
1391
1554
1670
41
726
860
1800
306
646
67
1139
196
66
1409
1876
630
1993
125
1186
1693
552
1888
1727
1066
1829
1686
1485
363
462
481
1969
1676
1568
1420
187
108
721
307
957
1440
1552
1839
123
524
1461
1906
886
541
843
1289
254
887
1309
29
21
451
858
614
1236
1395
1896
1682
68
945
1086
761
1895
857
1544
1780
801
1115
219
709
79
1998
464
279
1665
134
605
1381
337
1525
900
1934
230
115
1221
716
1858
1746
1453
290
1189
323
1909
968
1046
101
1476
824
443
1549
717
1547
361
598
1697
510
1733
1468
687
569
1766
1047
1354
186
797
1205
1563
1848
962
1506
332
208
770
1051
1081
898
1782
82
753
1582
1802
943
261
1412
1312
285
1623
655
1730
1804
669
1407
855
1757
287
1340
1483
258
1889
548
727
1999
663
415
1173
1564
1449
48
1751
634
1964
509
1134
537
345
1946
466
1475
424
1976
373
160
84
595
252
1755
1423
1374
1138
1878
788
1158
246
137
1530
545
1762
1065
452
1626
296
103
1110
650
450
1405
1937
902
740
1063
432
930
51
1452
1893
194
897
979
685
549
471
1828
870
23
1350
1253
980
355
1194
531
1368
1718
1157
758
587
1272
418
1433
1838
741
1631
1050
26
1639
1118
853
457
1869
975
1190
1613
1826
781
96
161
244
624
114
835
1106
1314
1920
425
1184
17
799
677
1364
1054
1811
1738
1306
1607
760
1681
294
72
1777
752
1720
1637
911
1152
1017
1696
1953
436
314
1771
119
1492
459
404
643
1392
620
866
1860
1419
559
712
919
619
927
1875
184
1056
1505
1508
1162
1574
1101
1078
1344
152
751
983
1750
1148
969
477
1356
1514
1966
339
610
917
1620
1743
959
694
662
81
201
34
994
1424
1628
1022
63
1010
895
602
85
174
918
1211
1962
617
1713
1736
1833
628
1900
803
1096
1555
456
899
1373
1080
1580
487
567
1239
371
1566
248
1413
408
1870
1704
618
1049
1199
90
1271
743
1024
1068
271
1059
110
1127
1983
1116
486
140
1052
1836
1125
138
633
589
1310
573
856
1805
637
305
346
768
1513
156
1844
1799
1378
764
1845
884
612
1023
365
952
1243
1708
104
1346
795
654
713
1884
854
1644
427
1560
1741
1469
704
1377
316
1480
1930
202
1867
1349
667
1725
904
402
1487
786
78
1351
225
544
575
953
1450
1355
1087
1769
232
1252
1283
999
1770
844
568
1887
150
885
401
1441
847
678
584
1154
1952
268
1006
385
1320
216
327
1357
53
523
1717
921
73
514
1849
851
178
398
1541
1756
883
1455
422
310
1823
350
1161
33
1177
890
1960
550
1678
1522
1076
1319
529
570
982
1991
320
1363
1625
277
426
1057
1928
282
1700
168
1250
539
1819
1396
1537
170
1699
1968
217
1255
1615
1897
1891
476
1726
449
1387
1330
1583
218
1069
596
1680
321
211
1517
1001
1222
688
863
1418
98
38
412
1586
1371
1831
1014
1300
189
490
57
348
766
718
295
334
1318
916
1254
976
1259
1501
1859
1507
1892
