89
694
137
534
193
930
926
159
856
726
452
532
798
120
753
525
186
423
313
667
394
486
665
388
395
402
132
815
220
179
552
38
928
558
604
883
294
305
546
743
318
764
43
658
932
666
820
478
286
155
513
273
702
925
330
967
134
323
406
392
976
914
799
851
662
20
603
624
867
232
619
153
306
877
644
109
41
11
217
354
171
641
767
692
145
255
566
642
169
609
561
48
802
10
953
884
363
467
201
982
205
204
555
65
7
139
339
714
52
279
855
307
570
296
836
165
601
716
218
999
390
890
631
439
605
650
594
904
572
262
678
993
626
287
560
776
762
9
281
289
252
939
979
316
309
608
989
263
646
493
476
792
800
543
853
630
669
681
645
46
407
906
181
473
83
542
784
945
222
243
12
1
260
859
168
791
651
709
675
208
944
416
106
157
584
913
158
297
398
327
389
911
783
545
810
13
488
336
961
242
487
118
453
635
420
366
931
253
250
848
897
688
956
17
174
831
228
882
107
93
701
254
372
207
320
484
873
600
696
380
690
249
183
360
942
59
91
876
33
264
880
415
400
895
573
610
364
724
175
475
647
847
256
122
177
632
748
773
816
902
114
918
664
497
819
518
691
105
40
889
917
258
111
192
746
565
557
779
922
338
575
34
734
381
356
990
325
2
749
27
82
705
723
14
640
374
375
80
934
465
154
231
276
136
523
490
127
149
717
935
660
340
826
744
755
981
378
244
581
167
639
704
818
574
342
405
868
485
371
613
788
940
745
267
433
146
384
754
923
237
896
370
227
933
512
679
233
564
284
795
750
143
471
317
978
202
578
79
352
234
912
501
310
379
4
521
522
182
468
659
593
676
772
5
280
948
837
834
541
58
408
401
277
335
331
807
527
236
76
421
599
839
215
852
629
479
272
164
878
212
29
559
843
526
454
102
538
959
187
432
178
319
195
282
711
589
863
189
0
757
695
627
806
544
19
946
377
491
199
126
864
812
899
176
796
585
47
300
987
459
972
445
66
85
857
869
778
891
992
246
148
652
865
99
299
924
663
713
550
71
241
596
674
312
986
437
95
874
469
502
727
768
447
226
638
893
6
517
503
736
838
140
411
835
347
621
780
257
170
595
817
266
949
528
198
73
765
418
259
489
295
786
353
686
470
185
345
180
35
141
758
803
962
458
900
337
108
69
985
355
39
622
368
777
519
349
919
496
698
441
548
623
329
194
636
419
577
968
861
892
346
31
801
451
387
239
21
391
163
314
424
995
240
567
909
829
431
943
823
738
129
404
894
687
436
125
443
708
37
16
720
414
32
308
520
206
766
492
700
844
775
440
960
576
707
813
549
156
952
901
741
301
862
719
524
580
230
628
509
804
223
607
536
875
530
292
689
797
611
760
809
290
86
268
104
870
673
977
351
135
446
117
950
500
938
53
539
430
620
588
412
396
464
916
399
23
756
731
428
160
110
670
728
656
504
203
87
569
130
455
759
480
63
3
270
903
737
571
533
805
67
188
376
150
112
789
291
101
275
70
51
710
235
841
173
996
531
417
334
975
247
637
685
866
617
936
162
435
769
718
144
587
625
562
506
964
369
677
90
885
586
850
920
81
907
849
721
742
75
88
827
618
55
121
64
362
328
845
77
219
131
832
357
860
477
498
739
747
365
442
499
842
833
752
221
359
653
606
516
434
854
697
124
348
44
115
715
974
302
45
8
973
274
703
540
898
409
830
785
456
563
510
460
511
133
672
997
551
808
214
472
210
361
910
248
763
457
771
683
429
103
461
209
450
197
333
238
344
161
278
970
980
265
872
324
413
821
991
60
184
725
554
142
373
94
116
245
224
822
988
84
535
494
602
293
633
62
537
612
955
426
840
879
654
285
824
547
954
921
332
151
42
98
733
251
367
200
929
26
138
941
712
915
269
655
72
787
196
556
693
732
507
15
123
957
303
152
393
966
448
505
958
96
410
56
92
385
951
825
22
166
937
383
984
730
983
947
97
50
311
971
321
397
49
668
427
828
326
648
881
790
781
614
61
36
579
128
463
794
751
350
315
57
770
24
304
147
54
341
615
782
888
598
592
671
422
680
283
190
444
172
358
495
18
343
927
462
597
74
425
661
582
568
449
515
191
474
583
30
774
846
969
657
908
994
100
887
68
119
466
729
682
811
78
591
298
590
699
814
28
735
905
529
706
871
482
508
288
481
616
963
225
858
684
229
211
722
643
634
761
25
113
886
740
793
213
382
483
261
965
216
322
438
649
998
553
514
386
403
271
